0.0000E+00 6.4274E+00 3.1321E+00
0.0000E+00 6.4274E+00 3.1321E+00
0.0000E+00 6.4274E+00 3.1318E+00
0.0000E+00 6.4273E+00 3.1315E+00
0.0000E+00 6.4273E+00 3.1312E+00
0.0000E+00 6.4273E+00 3.1309E+00
0.0000E+00 6.4273E+00 3.1306E+00
0.0000E+00 6.4273E+00 3.1303E+00
0.0000E+00 6.4273E+00 3.1300E+00
0.0000E+00 6.4273E+00 3.1296E+00
0.0000E+00 6.4273E+00 3.1293E+00
0.0000E+00 6.4273E+00 3.1290E+00
0.0000E+00 6.4273E+00 3.1287E+00
0.0000E+00 6.4273E+00 3.1284E+00
0.0000E+00 6.4274E+00 3.1281E+00
0.0000E+00 6.4274E+00 3.1278E+00
0.0000E+00 6.4274E+00 3.1275E+00
0.0000E+00 6.4274E+00 3.1272E+00
0.0000E+00 6.4274E+00 3.1269E+00
0.0000E+00 6.4274E+00 3.1265E+00
0.0000E+00 6.4274E+00 3.1262E+00
0.0000E+00 6.4275E+00 3.1259E+00
0.0000E+00 6.4275E+00 3.1256E+00
0.0000E+00 6.4275E+00 3.1253E+00
0.0000E+00 6.4275E+00 3.1250E+00
0.0000E+00 6.4275E+00 3.1247E+00
0.0000E+00 6.4276E+00 3.1244E+00
0.0000E+00 6.4276E+00 3.1241E+00
0.0000E+00 6.4276E+00 3.1238E+00
0.0000E+00 6.4276E+00 3.1234E+00
0.0000E+00 6.4276E+00 3.1231E+00
0.0000E+00 6.4277E+00 3.1228E+00
0.0000E+00 6.4277E+00 3.1225E+00
0.0000E+00 6.4277E+00 3.1222E+00
0.0000E+00 6.4277E+00 3.1219E+00
0.0000E+00 6.4278E+00 3.1216E+00
0.0000E+00 6.4278E+00 3.1213E+00
0.0000E+00 6.4278E+00 3.1210E+00
0.0000E+00 6.4279E+00 3.1206E+00
0.0000E+00 6.4279E+00 3.1203E+00
0.0000E+00 6.4279E+00 3.1200E+00
0.0000E+00 6.4280E+00 3.1197E+00
0.0000E+00 6.4280E+00 3.1194E+00
0.0000E+00 6.4280E+00 3.1191E+00
0.0000E+00 6.4280E+00 3.1188E+00
0.0000E+00 6.4281E+00 3.1185E+00
0.0000E+00 6.4281E+00 3.1181E+00
0.0000E+00 6.4282E+00 3.1178E+00
0.0000E+00 6.4282E+00 3.1175E+00
0.0000E+00 6.4282E+00 3.1172E+00
0.0000E+00 6.4283E+00 3.1169E+00
0.0000E+00 6.4283E+00 3.1166E+00
0.0000E+00 6.4283E+00 3.1163E+00
0.0000E+00 6.4284E+00 3.1160E+00
0.0000E+00 6.4284E+00 3.1156E+00
0.0000E+00 6.4284E+00 3.1153E+00
0.0000E+00 6.4285E+00 3.1150E+00
0.0000E+00 6.4285E+00 3.1147E+00
0.0000E+00 6.4286E+00 3.1144E+00
0.0000E+00 6.4286E+00 3.1141E+00
0.0000E+00 6.4286E+00 3.1138E+00
0.0000E+00 6.4287E+00 3.1135E+00
0.0000E+00 6.4287E+00 3.1131E+00
0.0000E+00 6.4288E+00 3.1128E+00
0.0000E+00 6.4288E+00 3.1125E+00
0.0000E+00 6.4289E+00 3.1122E+00
0.0000E+00 6.4289E+00 3.1119E+00
0.0000E+00 6.4290E+00 3.1116E+00
0.0000E+00 6.4290E+00 3.1113E+00
0.0000E+00 6.4291E+00 3.1110E+00
0.0000E+00 6.4291E+00 3.1106E+00
0.0000E+00 6.4292E+00 3.1103E+00
0.0000E+00 6.4292E+00 3.1100E+00
0.0000E+00 6.4293E+00 3.1097E+00
0.0000E+00 6.4293E+00 3.1094E+00
0.0000E+00 6.4294E+00 3.1091E+00
0.0000E+00 6.4294E+00 3.1088E+00
0.0000E+00 6.4295E+00 3.1085E+00
0.0000E+00 6.4295E+00 3.1081E+00
0.0000E+00 6.4296E+00 3.1078E+00
0.0000E+00 6.4296E+00 3.1075E+00
0.0000E+00 6.4297E+00 3.1072E+00
0.0000E+00 6.4297E+00 3.1069E+00
0.0000E+00 6.4298E+00 3.1066E+00
0.0000E+00 6.4298E+00 3.1063E+00
0.0000E+00 6.4298E+00 3.1060E+00
0.0000E+00 6.4299E+00 3.1057E+00
0.0000E+00 6.4299E+00 3.1053E+00
0.0000E+00 6.4300E+00 3.1050E+00
0.0000E+00 6.4300E+00 3.1047E+00
0.0000E+00 6.4301E+00 3.1044E+00
0.0000E+00 6.4301E+00 3.1041E+00
0.0000E+00 6.4302E+00 3.1038E+00
0.0000E+00 6.4302E+00 3.1035E+00
0.0000E+00 6.4303E+00 3.1032E+00
0.0000E+00 6.4303E+00 3.1029E+00
0.0000E+00 6.4303E+00 3.1025E+00
0.0000E+00 6.4304E+00 3.1022E+00
0.0000E+00 6.4304E+00 3.1019E+00
0.0000E+00 6.4305E+00 3.1016E+00
0.0000E+00 6.4305E+00 3.1013E+00
0.0000E+00 6.4305E+00 3.1010E+00
0.0000E+00 6.4306E+00 3.1007E+00
0.0000E+00 6.4306E+00 3.1004E+00
0.0000E+00 6.4307E+00 3.1000E+00
0.0000E+00 6.4307E+00 3.0997E+00
0.0000E+00 6.4308E+00 3.0994E+00
0.0000E+00 6.4308E+00 3.0991E+00
0.0000E+00 6.4308E+00 3.0988E+00
0.0000E+00 6.4309E+00 3.0985E+00
0.0000E+00 6.4309E+00 3.0982E+00
0.0000E+00 6.4309E+00 3.0978E+00
0.0000E+00 6.4310E+00 3.0975E+00
0.0000E+00 6.4310E+00 3.0972E+00
0.0000E+00 6.4311E+00 3.0969E+00
0.0000E+00 6.4312E+00 3.0966E+00
0.0000E+00 6.4312E+00 3.0963E+00
0.0000E+00 6.4313E+00 3.0960E+00
0.0000E+00 6.4314E+00 3.0956E+00
0.0000E+00 6.4315E+00 3.0953E+00
0.0000E+00 6.4316E+00 3.0950E+00
0.0000E+00 6.4317E+00 3.0947E+00
0.0000E+00 6.4317E+00 3.0944E+00
0.0000E+00 6.4318E+00 3.0941E+00
0.0000E+00 6.4319E+00 3.0937E+00
0.0000E+00 6.4320E+00 3.0934E+00
0.0000E+00 6.4321E+00 3.0931E+00
0.0000E+00 6.4321E+00 3.0928E+00
0.0000E+00 6.4322E+00 3.0925E+00
0.0000E+00 6.4323E+00 3.0921E+00
0.0000E+00 6.4323E+00 3.0918E+00
0.0000E+00 6.4324E+00 3.0915E+00
0.0000E+00 6.4325E+00 3.0912E+00
0.0000E+00 6.4325E+00 3.0909E+00
0.0000E+00 6.4326E+00 3.0905E+00
0.0000E+00 6.4327E+00 3.0902E+00
0.0000E+00 6.4327E+00 3.0899E+00
0.0000E+00 6.4328E+00 3.0896E+00
0.0000E+00 6.4328E+00 3.0893E+00
0.0000E+00 6.4329E+00 3.0889E+00
0.0000E+00 6.4329E+00 3.0886E+00
0.0000E+00 6.4330E+00 3.0883E+00
0.0000E+00 6.4330E+00 3.0880E+00
0.0000E+00 6.4331E+00 3.0876E+00
0.0000E+00 6.4331E+00 3.0873E+00
0.0000E+00 6.4332E+00 3.0870E+00
0.0000E+00 6.4332E+00 3.0866E+00
0.0000E+00 6.4333E+00 3.0863E+00
0.0000E+00 6.4333E+00 3.0860E+00
0.0000E+00 6.4334E+00 3.0856E+00
0.0000E+00 6.4334E+00 3.0853E+00
0.0000E+00 6.4334E+00 3.0850E+00
0.0000E+00 6.4335E+00 3.0846E+00
0.0000E+00 6.4335E+00 3.0843E+00
0.0000E+00 6.4336E+00 3.0840E+00
0.0000E+00 6.4336E+00 3.0836E+00
0.0000E+00 6.4336E+00 3.0833E+00
0.0000E+00 6.4337E+00 3.0830E+00
0.0000E+00 6.4337E+00 3.0826E+00
0.0000E+00 6.4337E+00 3.0823E+00
0.0000E+00 6.4338E+00 3.0819E+00
0.0000E+00 6.4338E+00 3.0816E+00
0.0000E+00 6.4338E+00 3.0812E+00
0.0000E+00 6.4338E+00 3.0809E+00
0.0000E+00 6.4339E+00 3.0806E+00
0.0000E+00 6.4339E+00 3.0802E+00
0.0000E+00 6.4339E+00 3.0799E+00
0.0000E+00 6.4339E+00 3.0795E+00
0.0000E+00 6.4339E+00 3.0792E+00
0.0000E+00 6.4340E+00 3.0788E+00
0.0000E+00 6.4340E+00 3.0785E+00
0.0000E+00 6.4340E+00 3.0781E+00
0.0000E+00 6.4340E+00 3.0778E+00
0.0000E+00 6.4340E+00 3.0774E+00
0.0000E+00 6.4340E+00 3.0770E+00
0.0000E+00 6.4340E+00 3.0767E+00
0.0000E+00 6.4341E+00 3.0763E+00
0.0000E+00 6.4341E+00 3.0760E+00
0.0000E+00 6.4341E+00 3.0756E+00
0.0000E+00 6.4341E+00 3.0752E+00
0.0000E+00 6.4341E+00 3.0749E+00
0.0000E+00 6.4341E+00 3.0745E+00
0.0000E+00 6.4341E+00 3.0741E+00
0.0000E+00 6.4341E+00 3.0738E+00
0.0000E+00 6.4341E+00 3.0734E+00
0.0000E+00 6.4341E+00 3.0730E+00
0.0000E+00 6.4342E+00 3.0727E+00
0.0000E+00 6.4342E+00 3.0723E+00
0.0000E+00 6.4342E+00 3.0719E+00
0.0000E+00 6.4342E+00 3.0716E+00
0.0000E+00 6.4342E+00 3.0712E+00
0.0000E+00 6.4342E+00 3.0708E+00
0.0000E+00 6.4343E+00 3.0704E+00
0.0000E+00 6.4343E+00 3.0700E+00
0.0000E+00 6.4343E+00 3.0697E+00
0.0000E+00 6.4344E+00 3.0693E+00
0.0000E+00 6.4344E+00 3.0689E+00
0.0000E+00 6.4344E+00 3.0685E+00
0.0000E+00 6.4345E+00 3.0681E+00
0.0000E+00 6.4345E+00 3.0678E+00
0.0000E+00 6.4346E+00 3.0674E+00
0.0000E+00 6.4346E+00 3.0670E+00
0.0000E+00 6.4346E+00 3.0666E+00
0.0000E+00 6.4347E+00 3.0662E+00
0.0000E+00 6.4347E+00 3.0658E+00
0.0000E+00 6.4348E+00 3.0654E+00
0.0000E+00 6.4348E+00 3.0650E+00
0.0000E+00 6.4348E+00 3.0646E+00
0.0000E+00 6.4349E+00 3.0642E+00
0.0000E+00 6.4349E+00 3.0638E+00
0.0000E+00 6.4350E+00 3.0634E+00
0.0000E+00 6.4350E+00 3.0630E+00
0.0000E+00 6.4351E+00 3.0626E+00
0.0000E+00 6.4352E+00 3.0622E+00
0.0000E+00 6.4352E+00 3.0618E+00
0.0000E+00 6.4353E+00 3.0614E+00
0.0000E+00 6.4353E+00 3.0610E+00
0.0000E+00 6.4354E+00 3.0606E+00
0.0000E+00 6.4355E+00 3.0602E+00
0.0000E+00 6.4355E+00 3.0598E+00
0.0000E+00 6.4356E+00 3.0594E+00
0.0000E+00 6.4357E+00 3.0589E+00
0.0000E+00 6.4358E+00 3.0585E+00
0.0000E+00 6.4359E+00 3.0581E+00
0.0000E+00 6.4359E+00 3.0577E+00
0.0000E+00 6.4360E+00 3.0573E+00
0.0000E+00 6.4361E+00 3.0569E+00
0.0000E+00 6.4362E+00 3.0564E+00
0.0000E+00 6.4363E+00 3.0560E+00
0.0000E+00 6.4364E+00 3.0556E+00
0.0000E+00 6.4365E+00 3.0552E+00
0.0000E+00 6.4366E+00 3.0547E+00
0.0000E+00 6.4367E+00 3.0543E+00
0.0000E+00 6.4369E+00 3.0539E+00
0.0000E+00 6.4370E+00 3.0535E+00
0.0000E+00 6.4372E+00 3.0530E+00
0.0000E+00 6.4373E+00 3.0526E+00
0.0000E+00 6.4375E+00 3.0522E+00
0.0000E+00 6.4376E+00 3.0517E+00
0.0000E+00 6.4378E+00 3.0513E+00
0.0000E+00 6.4379E+00 3.0509E+00
0.0000E+00 6.4381E+00 3.0504E+00
0.0000E+00 6.4383E+00 3.0500E+00
0.0000E+00 6.4384E+00 3.0495E+00
0.0000E+00 6.4386E+00 3.0491E+00
0.0000E+00 6.4388E+00 3.0486E+00
0.0000E+00 6.4390E+00 3.0482E+00
0.0000E+00 6.4392E+00 3.0478E+00
0.0000E+00 6.4394E+00 3.0473E+00
0.0000E+00 6.4396E+00 3.0469E+00
0.0000E+00 6.4398E+00 3.0464E+00
0.0000E+00 6.4400E+00 3.0460E+00
0.0000E+00 6.4402E+00 3.0455E+00
0.0000E+00 6.4404E+00 3.0451E+00
0.0000E+00 6.4406E+00 3.0446E+00
0.0000E+00 6.4409E+00 3.0442E+00
0.0000E+00 6.4411E+00 3.0437E+00
0.0000E+00 6.4413E+00 3.0432E+00
0.0000E+00 6.4416E+00 3.0428E+00
0.0000E+00 6.4418E+00 3.0423E+00
0.0000E+00 6.4421E+00 3.0419E+00
0.0000E+00 6.4423E+00 3.0414E+00
0.0000E+00 6.4426E+00 3.0409E+00
0.0000E+00 6.4429E+00 3.0405E+00
0.0000E+00 6.4431E+00 3.0400E+00
0.0000E+00 6.4434E+00 3.0396E+00
0.0000E+00 6.4437E+00 3.0391E+00
0.0000E+00 6.4440E+00 3.0386E+00
0.0000E+00 6.4443E+00 3.0381E+00
0.0000E+00 6.4446E+00 3.0377E+00
0.0000E+00 6.4449E+00 3.0372E+00
0.0000E+00 6.4452E+00 3.0367E+00
0.0000E+00 6.4455E+00 3.0363E+00
0.0000E+00 6.4459E+00 3.0358E+00
0.0000E+00 6.4462E+00 3.0353E+00
0.0000E+00 6.4465E+00 3.0348E+00
0.0000E+00 6.4469E+00 3.0344E+00
0.0000E+00 6.4472E+00 3.0339E+00
0.0000E+00 6.4476E+00 3.0334E+00
0.0000E+00 6.4480E+00 3.0329E+00
0.0000E+00 6.4483E+00 3.0325E+00
0.0000E+00 6.4487E+00 3.0320E+00
0.0000E+00 6.4491E+00 3.0315E+00
0.0000E+00 6.4495E+00 3.0310E+00
0.0000E+00 6.4499E+00 3.0305E+00
0.0000E+00 6.4503E+00 3.0300E+00
0.0000E+00 6.4508E+00 3.0296E+00
0.0000E+00 6.4512E+00 3.0291E+00
0.0000E+00 6.4516E+00 3.0286E+00
0.0000E+00 6.4521E+00 3.0281E+00
0.0000E+00 6.4526E+00 3.0276E+00
0.0000E+00 6.4530E+00 3.0271E+00
0.0000E+00 6.4535E+00 3.0266E+00
0.0000E+00 6.4542E+00 3.0262E+00
0.0000E+00 6.4548E+00 3.0257E+00
0.0000E+00 6.4554E+00 3.0252E+00
0.0000E+00 6.4561E+00 3.0247E+00
0.0000E+00 6.4567E+00 3.0242E+00
0.0000E+00 6.4574E+00 3.0237E+00
0.0000E+00 6.4581E+00 3.0232E+00
0.0000E+00 6.4588E+00 3.0227E+00
0.0000E+00 6.4595E+00 3.0222E+00
0.0000E+00 6.4602E+00 3.0217E+00
0.0000E+00 6.4609E+00 3.0212E+00
0.0000E+00 6.4617E+00 3.0207E+00
0.0000E+00 6.4624E+00 3.0202E+00
0.0000E+00 6.4632E+00 3.0197E+00
0.0000E+00 6.4640E+00 3.0192E+00
0.0000E+00 6.4647E+00 3.0187E+00
0.0000E+00 6.4656E+00 3.0182E+00
0.0000E+00 6.4664E+00 3.0177E+00
0.0000E+00 6.4672E+00 3.0172E+00
0.0000E+00 6.4680E+00 3.0167E+00
0.0000E+00 6.4689E+00 3.0162E+00
0.0000E+00 6.4698E+00 3.0157E+00
0.0000E+00 6.4707E+00 3.0152E+00
0.0000E+00 6.4716E+00 3.0147E+00
0.0000E+00 6.4726E+00 3.0142E+00
0.0000E+00 6.4736E+00 3.0137E+00
0.0000E+00 6.4746E+00 3.0132E+00
0.0000E+00 6.4756E+00 3.0127E+00
0.0000E+00 6.4766E+00 3.0122E+00
0.0000E+00 6.4777E+00 3.0117E+00
0.0000E+00 6.4787E+00 3.0112E+00
0.0000E+00 6.4798E+00 3.0107E+00
0.0000E+00 6.4809E+00 3.0102E+00
0.0000E+00 6.4819E+00 3.0097E+00
0.0000E+00 6.4830E+00 3.0092E+00
0.0000E+00 6.4841E+00 3.0087E+00
0.0000E+00 6.4852E+00 3.0081E+00
0.0000E+00 6.4863E+00 3.0076E+00
0.0000E+00 6.4875E+00 3.0071E+00
0.0000E+00 6.4886E+00 3.0066E+00
0.0000E+00 6.4898E+00 3.0061E+00
0.0000E+00 6.4910E+00 3.0056E+00
0.0000E+00 6.4922E+00 3.0051E+00
0.0000E+00 6.4934E+00 3.0046E+00
0.0000E+00 6.4946E+00 3.0041E+00
0.0000E+00 6.4958E+00 3.0036E+00
0.0000E+00 6.4970E+00 3.0031E+00
0.0000E+00 6.4981E+00 3.0026E+00
0.0000E+00 6.4993E+00 3.0020E+00
0.0000E+00 6.5005E+00 3.0015E+00
0.0000E+00 6.5016E+00 3.0010E+00
0.0000E+00 6.5029E+00 3.0005E+00
0.0000E+00 6.5042E+00 3.0000E+00
0.0000E+00 6.5054E+00 2.9995E+00
0.0000E+00 6.5066E+00 2.9990E+00
0.0000E+00 6.5079E+00 2.9985E+00
0.0000E+00 6.5091E+00 2.9980E+00
0.0000E+00 6.5102E+00 2.9975E+00
0.0000E+00 6.5114E+00 2.9969E+00
0.0000E+00 6.5125E+00 2.9964E+00
0.0000E+00 6.5137E+00 2.9959E+00
0.0000E+00 6.5149E+00 2.9954E+00
0.0000E+00 6.5161E+00 2.9949E+00
0.0000E+00 6.5172E+00 2.9944E+00
0.0000E+00 6.5183E+00 2.9939E+00
0.0000E+00 6.5194E+00 2.9934E+00
0.0000E+00 6.5205E+00 2.9929E+00
0.0000E+00 6.5217E+00 2.9924E+00
0.0000E+00 6.5227E+00 2.9919E+00
0.0000E+00 6.5237E+00 2.9913E+00
0.0000E+00 6.5247E+00 2.9908E+00
0.0000E+00 6.5256E+00 2.9903E+00
0.0000E+00 6.5267E+00 2.9898E+00
0.0000E+00 6.5278E+00 2.9893E+00
0.0000E+00 6.5288E+00 2.9888E+00
0.0000E+00 6.5298E+00 2.9883E+00
0.0000E+00 6.5307E+00 2.9878E+00
0.0000E+00 6.5315E+00 2.9873E+00
0.0000E+00 6.5324E+00 2.9868E+00
0.0000E+00 6.5333E+00 2.9863E+00
0.0000E+00 6.5342E+00 2.9857E+00
0.0000E+00 6.5349E+00 2.9852E+00
0.0000E+00 6.5357E+00 2.9847E+00
0.0000E+00 6.5365E+00 2.9842E+00
0.0000E+00 6.5372E+00 2.9837E+00
0.0000E+00 6.5378E+00 2.9832E+00
0.0000E+00 6.5384E+00 2.9827E+00
0.0000E+00 6.5389E+00 2.9822E+00
0.0000E+00 6.5397E+00 2.9817E+00
0.0000E+00 6.5404E+00 2.9812E+00
0.0000E+00 6.5411E+00 2.9807E+00
0.0000E+00 6.5416E+00 2.9802E+00
0.0000E+00 6.5420E+00 2.9797E+00
0.0000E+00 6.5426E+00 2.9792E+00
0.0000E+00 6.5431E+00 2.9787E+00
0.0000E+00 6.5434E+00 2.9782E+00
0.0000E+00 6.5437E+00 2.9777E+00
0.0000E+00 6.5441E+00 2.9772E+00
0.0000E+00 6.5444E+00 2.9766E+00
0.0000E+00 6.5445E+00 2.9761E+00
0.0000E+00 6.5445E+00 2.9756E+00
0.0000E+00 6.5446E+00 2.9751E+00
0.0000E+00 6.5449E+00 2.9746E+00
0.0000E+00 6.5452E+00 2.9741E+00
0.0000E+00 6.5453E+00 2.9736E+00
0.0000E+00 6.5453E+00 2.9731E+00
0.0000E+00 6.5452E+00 2.9726E+00
0.0000E+00 6.5453E+00 2.9721E+00
0.0000E+00 6.5452E+00 2.9716E+00
0.0000E+00 6.5448E+00 2.9711E+00
0.0000E+00 6.5448E+00 2.9706E+00
0.0000E+00 6.5445E+00 2.9701E+00
0.0000E+00 6.5440E+00 2.9696E+00
0.0000E+00 6.5433E+00 2.9691E+00
0.0000E+00 6.5430E+00 2.9686E+00
0.0000E+00 6.5428E+00 2.9681E+00
0.0000E+00 6.5423E+00 2.9676E+00
0.0000E+00 6.5420E+00 2.9672E+00
0.0000E+00 6.5414E+00 2.9667E+00
0.0000E+00 6.5407E+00 2.9662E+00
0.0000E+00 6.5403E+00 2.9657E+00
0.0000E+00 6.5395E+00 2.9652E+00
0.0000E+00 6.5386E+00 2.9647E+00
0.0000E+00 6.5380E+00 2.9642E+00
0.0000E+00 6.5371E+00 2.9637E+00
0.0000E+00 6.5359E+00 2.9632E+00
0.0000E+00 6.5348E+00 2.9627E+00
0.0000E+00 6.5338E+00 2.9622E+00
0.0000E+00 6.5329E+00 2.9617E+00
0.0000E+00 6.5320E+00 2.9612E+00
0.0000E+00 6.5307E+00 2.9607E+00
0.0000E+00 6.5293E+00 2.9602E+00
0.0000E+00 6.5281E+00 2.9598E+00
0.0000E+00 6.5267E+00 2.9593E+00
0.0000E+00 6.5252E+00 2.9588E+00
0.0000E+00 6.5238E+00 2.9583E+00
0.0000E+00 6.5224E+00 2.9578E+00
0.0000E+00 6.5207E+00 2.9573E+00
0.0000E+00 6.5185E+00 2.9568E+00
0.0000E+00 6.5170E+00 2.9563E+00
0.0000E+00 6.5154E+00 2.9559E+00
0.0000E+00 6.5135E+00 2.9554E+00
0.0000E+00 6.5117E+00 2.9549E+00
0.0000E+00 6.5098E+00 2.9544E+00
0.0000E+00 6.5078E+00 2.9539E+00
0.0000E+00 6.5059E+00 2.9534E+00
0.0000E+00 6.5037E+00 2.9530E+00
0.0000E+00 6.5015E+00 2.9525E+00
0.0000E+00 6.4993E+00 2.9520E+00
0.0000E+00 6.4970E+00 2.9515E+00
0.0000E+00 6.4944E+00 2.9510E+00
0.0000E+00 6.4916E+00 2.9506E+00
0.0000E+00 6.4896E+00 2.9501E+00
0.0000E+00 6.4872E+00 2.9496E+00
0.0000E+00 6.4844E+00 2.9491E+00
0.0000E+00 6.4818E+00 2.9487E+00
0.0000E+00 6.4791E+00 2.9482E+00
0.0000E+00 6.4764E+00 2.9477E+00
0.0000E+00 6.4732E+00 2.9472E+00
0.0000E+00 6.4704E+00 2.9468E+00
0.0000E+00 6.4672E+00 2.9463E+00
0.0000E+00 6.4642E+00 2.9458E+00
0.0000E+00 6.4611E+00 2.9454E+00
0.0000E+00 6.4576E+00 2.9449E+00
0.0000E+00 6.4548E+00 2.9444E+00
0.0000E+00 6.4517E+00 2.9440E+00
0.0000E+00 6.4482E+00 2.9435E+00
0.0000E+00 6.4447E+00 2.9430E+00
0.0000E+00 6.4412E+00 2.9426E+00
0.0000E+00 6.4379E+00 2.9421E+00
0.0000E+00 6.4340E+00 2.9417E+00
0.0000E+00 6.4305E+00 2.9412E+00
0.0000E+00 6.4267E+00 2.9407E+00
0.0000E+00 6.4230E+00 2.9403E+00
0.0000E+00 6.4188E+00 2.9398E+00
0.0000E+00 6.4150E+00 2.9394E+00
0.0000E+00 6.4112E+00 2.9389E+00
0.0000E+00 6.4068E+00 2.9385E+00
0.0000E+00 6.4026E+00 2.9380E+00
0.0000E+00 6.3987E+00 2.9375E+00
0.0000E+00 6.3947E+00 2.9371E+00
0.0000E+00 6.3905E+00 2.9366E+00
0.0000E+00 6.3861E+00 2.9362E+00
0.0000E+00 6.3817E+00 2.9358E+00
0.0000E+00 6.3771E+00 2.9353E+00
0.0000E+00 6.3726E+00 2.9349E+00
0.0000E+00 6.3678E+00 2.9344E+00
0.0000E+00 6.3636E+00 2.9340E+00
0.0000E+00 6.3587E+00 2.9335E+00
0.0000E+00 6.3540E+00 2.9331E+00
0.0000E+00 6.3492E+00 2.9327E+00
0.0000E+00 6.3445E+00 2.9322E+00
0.0000E+00 6.3394E+00 2.9318E+00
0.0000E+00 6.3344E+00 2.9314E+00
0.0000E+00 6.3287E+00 2.9309E+00
0.0000E+00 6.3240E+00 2.9305E+00
0.0000E+00 6.3190E+00 2.9301E+00
0.0000E+00 6.3137E+00 2.9296E+00
0.0000E+00 6.3089E+00 2.9292E+00
0.0000E+00 6.3034E+00 2.9288E+00
0.0000E+00 6.2980E+00 2.9284E+00
0.0000E+00 6.2926E+00 2.9279E+00
0.0000E+00 6.2872E+00 2.9275E+00
0.0000E+00 6.2818E+00 2.9271E+00
0.0000E+00 6.2759E+00 2.9267E+00
0.0000E+00 6.2703E+00 2.9263E+00
0.0000E+00 6.2644E+00 2.9259E+00
0.0000E+00 6.2591E+00 2.9255E+00
0.0000E+00 6.2533E+00 2.9250E+00
0.0000E+00 6.2474E+00 2.9246E+00
0.0000E+00 6.2410E+00 2.9242E+00
0.0000E+00 6.2349E+00 2.9238E+00
0.0000E+00 6.2293E+00 2.9234E+00
0.0000E+00 6.2236E+00 2.9230E+00
0.0000E+00 6.2175E+00 2.9226E+00
0.0000E+00 6.2114E+00 2.9222E+00
0.0000E+00 6.2053E+00 2.9218E+00
0.0000E+00 6.1989E+00 2.9214E+00
0.0000E+00 6.1927E+00 2.9211E+00
0.0000E+00 6.1867E+00 2.9207E+00
0.0000E+00 6.1803E+00 2.9203E+00
0.0000E+00 6.1735E+00 2.9199E+00
0.0000E+00 6.1673E+00 2.9195E+00
0.0000E+00 6.1608E+00 2.9191E+00
0.0000E+00 6.1546E+00 2.9187E+00
0.0000E+00 6.1479E+00 2.9184E+00
0.0000E+00 6.1409E+00 2.9180E+00
0.0000E+00 6.1339E+00 2.9176E+00
0.0000E+00 6.1275E+00 2.9172E+00
0.0000E+00 6.1212E+00 2.9169E+00
0.0000E+00 6.1145E+00 2.9165E+00
0.0000E+00 6.1080E+00 2.9161E+00
0.0000E+00 6.1010E+00 2.9158E+00
0.0000E+00 6.0939E+00 2.9154E+00
0.0000E+00 6.0874E+00 2.9151E+00
0.0000E+00 6.0806E+00 2.9147E+00
0.0000E+00 6.0734E+00 2.9143E+00
0.0000E+00 6.0662E+00 2.9140E+00
0.0000E+00 6.0590E+00 2.9136E+00
0.0000E+00 6.0553E+00 2.9133E+00
0.0000E+00 6.0552E+00 2.9129E+00
0.0000E+00 6.0551E+00 2.9126E+00
0.0000E+00 6.0551E+00 2.9122E+00
0.0000E+00 6.0551E+00 2.9119E+00
0.0000E+00 6.0551E+00 2.9115E+00
0.0000E+00 6.0550E+00 2.9112E+00
0.0000E+00 6.0550E+00 2.9109E+00
0.0000E+00 6.0550E+00 2.9105E+00
0.0000E+00 6.0550E+00 2.9102E+00
0.0000E+00 6.0550E+00 2.9099E+00
0.0000E+00 6.0549E+00 2.9095E+00
0.0000E+00 6.0549E+00 2.9092E+00
0.0000E+00 6.0549E+00 2.9089E+00
0.0000E+00 6.0549E+00 2.9086E+00
0.0000E+00 6.0550E+00 2.9082E+00
0.0000E+00 6.0550E+00 2.9079E+00
0.0000E+00 6.0551E+00 2.9076E+00
0.0000E+00 6.0552E+00 2.9073E+00
0.0000E+00 6.0553E+00 2.9069E+00
0.0000E+00 6.0554E+00 2.9066E+00
0.0000E+00 6.0555E+00 2.9063E+00
0.0000E+00 6.0555E+00 2.9060E+00
0.0000E+00 6.0555E+00 2.9057E+00
0.0000E+00 6.0556E+00 2.9054E+00
0.0000E+00 6.0557E+00 2.9050E+00
0.0000E+00 6.0558E+00 2.9047E+00
0.0000E+00 6.0559E+00 2.9044E+00
0.0000E+00 6.0560E+00 2.9041E+00
0.0000E+00 6.0560E+00 2.9038E+00
0.0000E+00 6.0561E+00 2.9035E+00
0.0000E+00 6.0561E+00 2.9032E+00
0.0000E+00 6.0561E+00 2.9029E+00
0.0000E+00 6.0562E+00 2.9026E+00
0.0000E+00 6.0562E+00 2.9023E+00
0.0000E+00 6.0562E+00 2.9019E+00
0.0000E+00 6.0562E+00 2.9016E+00
0.0000E+00 6.0562E+00 2.9013E+00
0.0000E+00 6.0562E+00 2.9010E+00
0.0000E+00 6.0562E+00 2.9007E+00
0.0000E+00 6.0562E+00 2.9004E+00
0.0000E+00 6.0562E+00 2.9001E+00
0.0000E+00 6.0561E+00 2.8998E+00
0.0000E+00 6.0561E+00 2.8995E+00
0.0000E+00 6.0561E+00 2.8991E+00
0.0000E+00 6.0560E+00 2.8988E+00
0.0000E+00 6.0560E+00 2.8985E+00
0.0000E+00 6.0560E+00 2.8982E+00
0.0000E+00 6.0559E+00 2.8979E+00
0.0000E+00 6.0559E+00 2.8975E+00
0.0000E+00 6.0558E+00 2.8972E+00
0.0000E+00 6.0558E+00 2.8969E+00
0.0000E+00 6.0557E+00 2.8966E+00
0.0000E+00 6.0555E+00 2.8962E+00
0.0000E+00 6.0554E+00 2.8959E+00
0.0000E+00 6.0552E+00 2.8956E+00
0.0000E+00 6.0551E+00 2.8952E+00
0.0000E+00 6.0549E+00 2.8949E+00
0.0000E+00 6.0547E+00 2.8945E+00
0.0000E+00 6.0547E+00 2.8942E+00
0.0000E+00 6.0546E+00 2.8938E+00
0.0000E+00 6.0544E+00 2.8935E+00
0.0000E+00 6.0543E+00 2.8931E+00
0.0000E+00 6.0541E+00 2.8928E+00
0.0000E+00 6.0540E+00 2.8924E+00
0.0000E+00 6.0538E+00 2.8920E+00
0.0000E+00 6.0535E+00 2.8917E+00
0.0000E+00 6.0533E+00 2.8913E+00
0.0000E+00 6.0530E+00 2.8909E+00
0.0000E+00 6.0528E+00 2.8906E+00
0.0000E+00 6.0525E+00 2.8902E+00
0.0000E+00 6.0522E+00 2.8898E+00
0.0000E+00 6.0520E+00 2.8894E+00
0.0000E+00 6.0517E+00 2.8890E+00
0.0000E+00 6.0514E+00 2.8886E+00
0.0000E+00 6.0511E+00 2.8882E+00
0.0000E+00 6.0508E+00 2.8878E+00
0.0000E+00 6.0505E+00 2.8874E+00
0.0000E+00 6.0501E+00 2.8870E+00
0.0000E+00 6.0497E+00 2.8866E+00
0.0000E+00 6.0494E+00 2.8862E+00
0.0000E+00 6.0490E+00 2.8858E+00
0.0000E+00 6.0487E+00 2.8854E+00
0.0000E+00 6.0484E+00 2.8850E+00
0.0000E+00 6.0480E+00 2.8846E+00
0.0000E+00 6.0476E+00 2.8841E+00
0.0000E+00 6.0472E+00 2.8837E+00
0.0000E+00 6.0467E+00 2.8833E+00
0.0000E+00 6.0463E+00 2.8829E+00
0.0000E+00 6.0458E+00 2.8824E+00
0.0000E+00 6.0453E+00 2.8820E+00
0.0000E+00 6.0447E+00 2.8815E+00
0.0000E+00 6.0443E+00 2.8811E+00
0.0000E+00 6.0438E+00 2.8806E+00
0.0000E+00 6.0433E+00 2.8802E+00
0.0000E+00 6.0428E+00 2.8797E+00
0.0000E+00 6.0423E+00 2.8793E+00
0.0000E+00 6.0418E+00 2.8788E+00
0.0000E+00 6.0412E+00 2.8784E+00
0.0000E+00 6.0406E+00 2.8779E+00
0.0000E+00 6.0400E+00 2.8774E+00
0.0000E+00 6.0394E+00 2.8769E+00
0.0000E+00 6.0387E+00 2.8764E+00
0.0000E+00 6.0380E+00 2.8760E+00
0.0000E+00 6.0374E+00 2.8755E+00
0.0000E+00 6.0367E+00 2.8750E+00
0.0000E+00 6.0361E+00 2.8745E+00
0.0000E+00 6.0354E+00 2.8739E+00
0.0000E+00 6.0346E+00 2.8734E+00
0.0000E+00 6.0339E+00 2.8729E+00
0.0000E+00 6.0332E+00 2.8724E+00
0.0000E+00 6.0326E+00 2.8718E+00
0.0000E+00 6.0319E+00 2.8713E+00
0.0000E+00 6.0312E+00 2.8707E+00
0.0000E+00 6.0304E+00 2.8701E+00
0.0000E+00 6.0297E+00 2.8696E+00
0.0000E+00 6.0289E+00 2.8690E+00
0.0000E+00 6.0281E+00 2.8684E+00
0.0000E+00 6.0370E+00 2.8678E+00
0.0000E+00 6.0605E+00 2.8671E+00
0.0000E+00 6.0839E+00 2.8665E+00
0.0000E+00 6.1071E+00 2.8658E+00
0.0000E+00 6.1303E+00 2.8652E+00
0.0000E+00 6.1532E+00 2.8645E+00
0.0000E+00 6.1758E+00 2.8638E+00
0.0000E+00 6.1979E+00 2.8631E+00
0.0000E+00 6.2195E+00 2.8623E+00
0.0000E+00 6.2406E+00 2.8616E+00
0.0000E+00 6.2616E+00 2.8608E+00
0.0000E+00 6.2835E+00 2.8601E+00
0.0000E+00 6.3053E+00 2.8593E+00
0.0000E+00 6.3266E+00 2.8585E+00
0.0000E+00 6.3475E+00 2.8576E+00
0.0000E+00 6.3675E+00 2.8568E+00
0.0000E+00 6.3867E+00 2.8559E+00
0.0000E+00 6.4057E+00 2.8550E+00
0.0000E+00 6.4239E+00 2.8541E+00
0.0000E+00 6.4434E+00 2.8532E+00
0.0000E+00 6.4632E+00 2.8522E+00
0.0000E+00 6.4817E+00 2.8513E+00
0.0000E+00 6.4973E+00 2.8503E+00
0.0000E+00 6.5132E+00 2.8493E+00
0.0000E+00 6.5283E+00 2.8483E+00
0.0000E+00 6.5435E+00 2.8472E+00
0.0000E+00 6.5588E+00 2.8461E+00
0.0000E+00 6.5734E+00 2.8450E+00
0.0000E+00 6.5876E+00 2.8439E+00
0.0000E+00 6.5995E+00 2.8428E+00
0.0000E+00 6.6104E+00 2.8417E+00
0.0000E+00 6.6209E+00 2.8405E+00
0.0000E+00 6.6339E+00 2.8393E+00
0.0000E+00 6.6449E+00 2.8381E+00
0.0000E+00 6.6536E+00 2.8368E+00
0.0000E+00 6.6616E+00 2.8356E+00
0.0000E+00 6.6695E+00 2.8343E+00
0.0000E+00 6.6759E+00 2.8330E+00
0.0000E+00 6.6822E+00 2.8317E+00
0.0000E+00 6.6896E+00 2.8303E+00
0.0000E+00 6.6959E+00 2.8290E+00
0.0000E+00 6.6992E+00 2.8276E+00
0.0000E+00 6.7003E+00 2.8262E+00
0.0000E+00 6.7042E+00 2.8248E+00
0.0000E+00 6.7056E+00 2.8233E+00
0.0000E+00 6.7057E+00 2.8219E+00
0.0000E+00 6.7070E+00 2.8204E+00
0.0000E+00 6.7072E+00 2.8189E+00
0.0000E+00 6.7048E+00 2.8173E+00
0.0000E+00 6.7015E+00 2.8158E+00
0.0000E+00 6.6983E+00 2.8142E+00
0.0000E+00 6.6944E+00 2.8127E+00
0.0000E+00 6.6888E+00 2.8111E+00
0.0000E+00 6.6843E+00 2.8094E+00
0.0000E+00 6.6786E+00 2.8078E+00
0.0000E+00 6.6715E+00 2.8061E+00
0.0000E+00 6.6634E+00 2.8045E+00
0.0000E+00 6.6543E+00 2.8028E+00
0.0000E+00 6.6461E+00 2.8010E+00
0.0000E+00 6.6366E+00 2.7993E+00
0.0000E+00 6.6256E+00 2.7976E+00
0.0000E+00 6.6140E+00 2.7958E+00
0.0000E+00 6.6020E+00 2.7940E+00
0.0000E+00 6.5894E+00 2.7922E+00
0.0000E+00 6.5760E+00 2.7904E+00
0.0000E+00 6.5616E+00 2.7885E+00
0.0000E+00 6.5464E+00 2.7867E+00
0.0000E+00 6.5309E+00 2.7848E+00
0.0000E+00 6.5147E+00 2.7829E+00
0.0000E+00 6.4981E+00 2.7810E+00
0.0000E+00 6.4820E+00 2.7791E+00
0.0000E+00 6.4688E+00 2.7772E+00
0.0000E+00 6.4802E+00 2.7752E+00
0.0000E+00 6.4785E+00 2.7732E+00
0.0000E+00 6.4595E+00 2.7712E+00
0.0000E+00 6.4291E+00 2.7692E+00
0.0000E+00 6.3991E+00 2.7672E+00
0.0000E+00 6.3848E+00 2.7652E+00
0.0000E+00 6.3918E+00 2.7632E+00
0.0000E+00 6.4102E+00 2.7611E+00
0.0000E+00 6.4201E+00 2.7590E+00
0.0000E+00 6.4125E+00 2.7570E+00
0.0000E+00 6.3952E+00 2.7549E+00
0.0000E+00 6.3781E+00 2.7527E+00
0.0000E+00 6.3634E+00 2.7506E+00
0.0000E+00 6.3460E+00 2.7485E+00
0.0000E+00 6.3170E+00 2.7463E+00
0.0000E+00 6.2718E+00 2.7442E+00
0.0000E+00 6.2186E+00 2.7420E+00
0.0000E+00 6.2112E+00 2.7398E+00
0.0000E+00 6.1899E+00 2.7376E+00
0.0000E+00 6.1604E+00 2.7354E+00
0.0000E+00 6.1325E+00 2.7332E+00
0.0000E+00 6.1102E+00 2.7310E+00
0.0000E+00 6.0862E+00 2.7287E+00
0.0000E+00 6.0533E+00 2.7265E+00
0.0000E+00 6.0115E+00 2.7242E+00
0.0000E+00 5.9651E+00 2.7220E+00
0.0000E+00 5.9370E+00 2.7197E+00
0.0000E+00 5.9370E+00 2.7174E+00
0.0000E+00 5.9370E+00 2.7151E+00
0.0000E+00 5.9369E+00 2.7128E+00
0.0000E+00 5.9368E+00 2.7105E+00
0.0000E+00 5.9368E+00 2.7082E+00
0.0000E+00 5.9367E+00 2.7059E+00
0.0000E+00 5.9366E+00 2.7036E+00
0.0000E+00 5.9365E+00 2.7012E+00
0.0000E+00 5.9363E+00 2.6989E+00
0.0000E+00 5.9363E+00 2.6966E+00
0.0000E+00 5.9363E+00 2.6942E+00
0.0000E+00 5.9363E+00 2.6919E+00
0.0000E+00 5.9364E+00 2.6895E+00
0.0000E+00 5.9364E+00 2.6872E+00
0.0000E+00 5.9364E+00 2.6848E+00
0.0000E+00 5.9365E+00 2.6824E+00
0.0000E+00 5.9365E+00 2.6801E+00
0.0000E+00 5.9365E+00 2.6777E+00
0.0000E+00 5.9365E+00 2.6753E+00
0.0000E+00 5.9365E+00 2.6730E+00
0.0000E+00 5.9365E+00 2.6706E+00
0.0000E+00 5.9366E+00 2.6682E+00
0.0000E+00 5.9366E+00 2.6658E+00
0.0000E+00 5.9366E+00 2.6635E+00
0.0000E+00 5.9366E+00 2.6611E+00
0.0000E+00 5.9366E+00 2.6587E+00
0.0000E+00 5.9367E+00 2.6564E+00
0.0000E+00 5.9369E+00 2.6540E+00
0.0000E+00 5.9370E+00 2.6517E+00
0.0000E+00 5.9370E+00 2.6493E+00
0.0000E+00 5.9371E+00 2.6469E+00
0.0000E+00 5.9372E+00 2.6446E+00
0.0000E+00 5.9373E+00 2.6423E+00
0.0000E+00 5.9373E+00 2.6399E+00
0.0000E+00 5.9374E+00 2.6376E+00
0.0000E+00 5.9375E+00 2.6353E+00
0.0000E+00 5.9376E+00 2.6330E+00
0.0000E+00 5.9377E+00 2.6307E+00
0.0000E+00 5.9378E+00 2.6284E+00
0.0000E+00 5.9378E+00 2.6261E+00
0.0000E+00 5.9379E+00 2.6238E+00
0.0000E+00 5.9380E+00 2.6215E+00
0.0000E+00 5.9382E+00 2.6193E+00
0.0000E+00 5.9383E+00 2.6170E+00
0.0000E+00 5.9384E+00 2.6148E+00
0.0000E+00 5.9385E+00 2.6125E+00
0.0000E+00 5.9385E+00 2.6103E+00
0.0000E+00 5.9386E+00 2.6081E+00
0.0000E+00 5.9387E+00 2.6059E+00
0.0000E+00 5.9387E+00 2.6038E+00
0.0000E+00 5.9388E+00 2.6016E+00
0.0000E+00 5.9389E+00 2.5994E+00
0.0000E+00 5.9391E+00 2.5973E+00
0.0000E+00 5.9392E+00 2.5952E+00
0.0000E+00 5.9393E+00 2.5931E+00
0.0000E+00 5.9395E+00 2.5910E+00
0.0000E+00 5.9396E+00 2.5889E+00
0.0000E+00 5.9397E+00 2.5869E+00
0.0000E+00 5.9398E+00 2.5849E+00
0.0000E+00 5.9399E+00 2.5829E+00
0.0000E+00 5.9400E+00 2.5809E+00
0.0000E+00 5.9401E+00 2.5789E+00
0.0000E+00 5.9402E+00 2.5769E+00
0.0000E+00 5.9404E+00 2.5750E+00
0.0000E+00 5.9405E+00 2.5731E+00
0.0000E+00 5.9406E+00 2.5712E+00
0.0000E+00 5.9407E+00 2.5693E+00
0.0000E+00 5.9407E+00 2.5675E+00
0.0000E+00 5.9408E+00 2.5657E+00
0.0000E+00 5.9409E+00 2.5638E+00
0.0000E+00 5.9410E+00 2.5621E+00
0.0000E+00 5.9410E+00 2.5603E+00
0.0000E+00 5.9411E+00 2.5586E+00
0.0000E+00 5.9411E+00 2.5569E+00
0.0000E+00 5.9411E+00 2.5552E+00
0.0000E+00 5.9412E+00 2.5535E+00
0.0000E+00 5.9413E+00 2.5519E+00
0.0000E+00 5.9414E+00 2.5503E+00
0.0000E+00 5.9414E+00 2.5487E+00
0.0000E+00 5.9415E+00 2.5471E+00
0.0000E+00 5.9415E+00 2.5456E+00
0.0000E+00 5.9415E+00 2.5441E+00
0.0000E+00 5.9415E+00 2.5426E+00
0.0000E+00 5.9415E+00 2.5412E+00
0.0000E+00 5.9416E+00 2.5398E+00
0.0000E+00 5.9417E+00 2.5384E+00
0.0000E+00 5.9418E+00 2.5370E+00
0.0000E+00 5.9419E+00 2.5357E+00
0.0000E+00 5.9419E+00 2.5343E+00
0.0000E+00 5.9420E+00 2.5331E+00
0.0000E+00 5.9421E+00 2.5318E+00
0.0000E+00 5.9421E+00 2.5306E+00
0.0000E+00 5.9422E+00 2.5294E+00
0.0000E+00 5.9422E+00 2.5282E+00
0.0000E+00 5.9422E+00 2.5271E+00
0.0000E+00 5.9422E+00 2.5259E+00
0.0000E+00 5.9423E+00 2.5249E+00
0.0000E+00 5.9423E+00 2.5238E+00
0.0000E+00 5.9423E+00 2.5228E+00
0.0000E+00 5.9422E+00 2.5218E+00
0.0000E+00 5.9422E+00 2.5208E+00
0.0000E+00 5.9422E+00 2.5199E+00
0.0000E+00 5.9421E+00 2.5190E+00
0.0000E+00 5.9421E+00 2.5181E+00
0.0000E+00 5.9420E+00 2.5172E+00
0.0000E+00 5.9419E+00 2.5164E+00
0.0000E+00 5.9418E+00 2.5156E+00
0.0000E+00 5.9417E+00 2.5148E+00
0.0000E+00 5.9416E+00 2.5140E+00
0.0000E+00 5.9415E+00 2.5133E+00
0.0000E+00 5.9414E+00 2.5126E+00
0.0000E+00 5.9414E+00 2.5119E+00
0.0000E+00 5.9414E+00 2.5113E+00
0.0000E+00 5.9620E+00 2.5106E+00
0.0000E+00 6.0505E+00 2.5100E+00
0.0000E+00 6.1394E+00 2.5094E+00
0.0000E+00 6.2297E+00 2.5089E+00
0.0000E+00 6.3220E+00 2.5083E+00
0.0000E+00 6.4160E+00 2.5078E+00
0.0000E+00 6.5107E+00 2.5073E+00
0.0000E+00 6.6058E+00 2.5068E+00
0.0000E+00 6.7020E+00 2.5063E+00
0.0000E+00 6.8001E+00 2.5059E+00
0.0000E+00 6.8994E+00 2.5054E+00
0.0000E+00 6.9965E+00 2.5050E+00
0.0000E+00 7.0927E+00 2.5046E+00
0.0000E+00 7.1888E+00 2.5042E+00
0.0000E+00 7.2876E+00 2.5039E+00
0.0000E+00 7.3906E+00 2.5035E+00
0.0000E+00 7.4979E+00 2.5032E+00
0.0000E+00 7.6095E+00 2.5028E+00
0.0000E+00 7.7263E+00 2.5025E+00
0.0000E+00 7.8492E+00 2.5022E+00
0.0000E+00 7.9785E+00 2.5019E+00
0.0000E+00 8.1137E+00 2.5016E+00
0.0000E+00 8.2544E+00 2.5013E+00
0.0000E+00 8.4010E+00 2.5010E+00
0.0000E+00 8.5544E+00 2.5007E+00
0.0000E+00 8.7150E+00 2.5005E+00
0.0000E+00 8.8821E+00 2.5002E+00
0.0000E+00 9.0554E+00 2.4999E+00
0.0000E+00 9.2354E+00 2.4997E+00
0.0000E+00 9.4239E+00 2.4994E+00
0.0000E+00 9.6225E+00 2.4992E+00
0.0000E+00 9.8318E+00 2.4990E+00
0.0000E+00 1.0052E+01 2.4987E+00
0.0000E+00 1.0283E+01 2.4985E+00
0.0000E+00 1.0527E+01 2.4982E+00
0.0000E+00 1.0784E+01 2.4980E+00
0.0000E+00 1.1056E+01 2.4978E+00
0.0000E+00 1.1342E+01 2.4976E+00
0.0000E+00 1.1643E+01 2.4973E+00
0.0000E+00 1.1961E+01 2.4971E+00
0.0000E+00 1.2297E+01 2.4969E+00
0.0000E+00 1.2653E+01 2.4967E+00
0.0000E+00 1.3029E+01 2.4964E+00
0.0000E+00 1.3426E+01 2.4962E+00
0.0000E+00 1.3846E+01 2.4960E+00
0.0000E+00 1.4288E+01 2.4958E+00
0.0000E+00 1.4757E+01 2.4955E+00
0.0000E+00 1.5252E+01 2.4953E+00
0.0000E+00 1.5776E+01 2.4951E+00
0.0000E+00 1.6329E+01 2.4949E+00
0.0000E+00 1.6912E+01 2.4946E+00
0.0000E+00 1.7530E+01 2.4944E+00
0.0000E+00 1.8183E+01 2.4942E+00
0.0000E+00 1.8875E+01 2.4940E+00
0.0000E+00 1.9608E+01 2.4938E+00
0.0000E+00 2.0382E+01 2.4936E+00
0.0000E+00 2.1201E+01 2.4933E+00
0.0000E+00 2.2068E+01 2.4931E+00
0.0000E+00 2.2986E+01 2.4929E+00
0.0000E+00 2.3955E+01 2.4927E+00
0.0000E+00 2.4980E+01 2.4925E+00
0.0000E+00 2.6067E+01 2.4923E+00
0.0000E+00 2.7224E+01 2.4921E+00
0.0000E+00 2.8455E+01 2.4919E+00
0.0000E+00 2.9764E+01 2.4917E+00
0.0000E+00 3.1155E+01 2.4915E+00
0.0000E+00 3.2630E+01 2.4914E+00
0.0000E+00 3.4193E+01 2.4912E+00
0.0000E+00 3.5827E+01 2.4910E+00
0.0000E+00 3.7531E+01 2.4909E+00
0.0000E+00 3.9318E+01 2.4907E+00
0.0000E+00 4.1209E+01 2.4906E+00
0.0000E+00 4.3219E+01 2.4904E+00
0.0000E+00 4.5359E+01 2.4903E+00
0.0000E+00 4.7635E+01 2.4902E+00
0.0000E+00 5.0057E+01 2.4901E+00
0.0000E+00 5.2644E+01 2.4900E+00
0.0000E+00 5.5423E+01 2.4899E+00
0.0000E+00 5.8417E+01 2.4898E+00
0.0000E+00 6.1651E+01 2.4897E+00
0.0000E+00 6.5144E+01 2.4896E+00
0.0000E+00 6.8916E+01 2.4896E+00
0.0000E+00 7.2987E+01 2.4895E+00
0.0000E+00 7.7387E+01 2.4895E+00
0.0000E+00 8.2131E+01 2.4895E+00
0.0000E+00 8.7233E+01 2.4895E+00
0.0000E+00 9.2720E+01 2.4895E+00
0.0000E+00 9.8621E+01 2.4895E+00
0.0000E+00 1.0495E+02 2.4895E+00
0.0000E+00 1.1167E+02 2.4896E+00
0.0000E+00 1.1873E+02 2.4896E+00
0.0000E+00 1.2626E+02 2.4897E+00
0.0000E+00 1.3429E+02 2.4897E+00
0.0000E+00 1.4294E+02 2.4898E+00
0.0000E+00 1.5232E+02 2.4899E+00
0.0000E+00 1.6250E+02 2.4900E+00
0.0000E+00 1.7340E+02 2.4901E+00
0.0000E+00 1.8461E+02 2.4903E+00
0.0000E+00 1.9585E+02 2.4904E+00
0.0000E+00 2.0811E+02 2.4906E+00
0.0000E+00 2.2256E+02 2.4907E+00
0.0000E+00 2.3835E+02 2.4909E+00
0.0000E+00 2.5368E+02 2.4911E+00
0.0000E+00 2.6873E+02 2.4913E+00
0.0000E+00 2.8630E+02 2.4915E+00
0.0000E+00 3.0800E+02 2.4917E+00
0.0000E+00 3.3160E+02 2.4919E+00
0.0000E+00 3.5471E+02 2.4921E+00
0.0000E+00 3.7675E+02 2.4924E+00
0.0000E+00 3.9842E+02 2.4926E+00
0.0000E+00 4.2011E+02 2.4929E+00
0.0000E+00 4.4704E+02 2.4931E+00
0.0000E+00 4.8226E+02 2.4934E+00
0.0000E+00 5.1941E+02 2.4937E+00
0.0000E+00 5.5513E+02 2.4939E+00
0.0000E+00 5.9150E+02 2.4942E+00
0.0000E+00 6.3046E+02 2.4945E+00
0.0000E+00 6.7151E+02 2.4948E+00
0.0000E+00 7.1418E+02 2.4951E+00
0.0000E+00 7.5904E+02 2.4954E+00
0.0000E+00 8.0661E+02 2.4957E+00
0.0000E+00 8.5739E+02 2.4960E+00
0.0000E+00 9.1151E+02 2.4964E+00
0.0000E+00 9.6818E+02 2.4967E+00
0.0000E+00 1.0287E+03 2.4970E+00
0.0000E+00 1.0992E+03 2.4974E+00
0.0000E+00 1.1776E+03 2.4977E+00
0.0000E+00 1.2575E+03 2.4981E+00
0.0000E+00 1.3362E+03 2.4984E+00
0.0000E+00 1.4280E+03 2.4988E+00
0.0000E+00 1.5411E+03 2.4991E+00
0.0000E+00 1.6572E+03 2.4995E+00
0.0000E+00 1.7602E+03 2.4999E+00
0.0000E+00 1.8636E+03 2.5003E+00
0.0000E+00 2.0089E+03 2.5006E+00
0.0000E+00 2.1657E+03 2.5010E+00
0.0000E+00 2.3261E+03 2.5014E+00
0.0000E+00 2.4918E+03 2.5018E+00
0.0000E+00 2.6690E+03 2.5023E+00
0.0000E+00 2.8588E+03 2.5027E+00
0.0000E+00 3.0565E+03 2.5031E+00
0.0000E+00 3.2632E+03 2.5035E+00
0.0000E+00 3.4845E+03 2.5039E+00
0.0000E+00 3.7248E+03 2.5044E+00
0.0000E+00 3.9846E+03 2.5048E+00
0.0000E+00 4.2627E+03 2.5053E+00
0.0000E+00 4.5595E+03 2.5058E+00
0.0000E+00 4.8784E+03 2.5063E+00
0.0000E+00 5.2238E+03 2.5068E+00
0.0000E+00 5.5972E+03 2.5074E+00
0.0000E+00 5.9970E+03 2.5079E+00
0.0000E+00 6.4212E+03 2.5085E+00
0.0000E+00 6.8704E+03 2.5091E+00
0.0000E+00 7.3485E+03 2.5097E+00
0.0000E+00 7.8611E+03 2.5103E+00
0.0000E+00 8.4131E+03 2.5110E+00
0.0000E+00 9.0072E+03 2.5117E+00
0.0000E+00 9.6437E+03 2.5124E+00
0.0000E+00 1.0323E+04 2.5131E+00
0.0000E+00 1.1046E+04 2.5139E+00
0.0000E+00 1.1818E+04 2.5147E+00
0.0000E+00 1.2645E+04 2.5156E+00
0.0000E+00 1.3533E+04 2.5165E+00
0.0000E+00 1.4483E+04 2.5174E+00
0.0000E+00 1.5497E+04 2.5184E+00
0.0000E+00 1.6579E+04 2.5194E+00
0.0000E+00 1.7736E+04 2.5205E+00
0.0000E+00 1.8975E+04 2.5217E+00
0.0000E+00 2.0304E+04 2.5229E+00
0.0000E+00 2.1727E+04 2.5242E+00
0.0000E+00 2.3247E+04 2.5256E+00
0.0000E+00 2.4869E+04 2.5270E+00
0.0000E+00 2.6604E+04 2.5285E+00
0.0000E+00 2.8463E+04 2.5302E+00
0.0000E+00 3.0461E+04 2.5319E+00
0.0000E+00 3.2611E+04 2.5337E+00
0.0000E+00 3.4920E+04 2.5356E+00
0.0000E+00 3.7394E+04 2.5377E+00
0.0000E+00 4.0037E+04 2.5399E+00
0.0000E+00 4.2855E+04 2.5422E+00
0.0000E+00 4.5859E+04 2.5447E+00
0.0000E+00 4.9063E+04 2.5474E+00
0.0000E+00 5.2484E+04 2.5502E+00
0.0000E+00 5.6140E+04 2.5532E+00
0.0000E+00 6.0048E+04 2.5565E+00
0.0000E+00 6.4229E+04 2.5599E+00
0.0000E+00 6.8707E+04 2.5636E+00
0.0000E+00 7.3502E+04 2.5675E+00
0.0000E+00 7.8631E+04 2.5717E+00
0.0000E+00 8.4110E+04 2.5761E+00
0.0000E+00 8.9962E+04 2.5808E+00
0.0000E+00 9.6215E+04 2.5859E+00
0.0000E+00 1.0290E+05 2.5913E+00
0.0000E+00 1.1005E+05 2.5971E+00
0.0000E+00 1.1770E+05 2.6033E+00
0.0000E+00 1.2588E+05 2.6099E+00
0.0000E+00 1.3463E+05 2.6169E+00
0.0000E+00 1.4400E+05 2.6245E+00
0.0000E+00 1.5402E+05 2.6326E+00
0.0000E+00 1.6475E+05 2.6412E+00
0.0000E+00 1.7623E+05 2.6505E+00
0.0000E+00 1.8850E+05 2.6603E+00
0.0000E+00 2.0164E+05 2.6709E+00
0.0000E+00 2.1569E+05 2.6823E+00
0.0000E+00 2.3072E+05 2.6944E+00
0.0000E+00 2.4679E+05 2.7073E+00
0.0000E+00 2.6397E+05 2.7212E+00
0.0000E+00 2.8237E+05 2.7361E+00
0.0000E+00 3.0209E+05 2.7520E+00
0.0000E+00 3.2329E+05 2.7691E+00
0.0000E+00 3.4608E+05 2.7873E+00
0.0000E+00 3.7058E+05 2.8067E+00
0.0000E+00 3.9681E+05 2.8275E+00
0.0000E+00 4.2481E+05 2.8498E+00
0.0000E+00 4.5464E+05 2.8736E+00
0.0000E+00 4.8642E+05 2.8992E+00
0.0000E+00 5.2033E+05 2.9266E+00
0.0000E+00 5.5656E+05 2.9560E+00
0.0000E+00 5.9529E+05 2.9876E+00
0.0000E+00 6.3671E+05 3.0215E+00
0.0000E+00 6.8105E+05 3.0577E+00
0.0000E+00 7.2854E+05 3.0964E+00
0.0000E+00 7.7940E+05 3.1378E+00
0.0000E+00 8.3378E+05 3.1820E+00
0.0000E+00 8.9188E+05 3.2292E+00
0.0000E+00 9.5393E+05 3.2797E+00
0.0000E+00 1.0202E+06 3.3337E+00
0.0000E+00 1.0911E+06 3.3916E+00
0.0000E+00 1.1669E+06 3.4535E+00
0.0000E+00 1.2480E+06 3.5199E+00
0.0000E+00 1.3348E+06 3.5909E+00
0.0000E+00 1.4276E+06 3.6670E+00
0.0000E+00 1.5269E+06 3.7484E+00
0.0000E+00 1.6332E+06 3.8355E+00
0.0000E+00 1.7470E+06 3.9288E+00
0.0000E+00 1.8686E+06 4.0287E+00
0.0000E+00 1.9988E+06 4.1357E+00
0.0000E+00 2.1381E+06 4.2502E+00
0.0000E+00 2.2870E+06 4.3728E+00
0.0000E+00 2.4464E+06 4.5040E+00
0.0000E+00 2.6168E+06 4.6446E+00
0.0000E+00 2.7992E+06 4.7950E+00
0.0000E+00 2.9941E+06 4.9562E+00
0.0000E+00 3.2027E+06 5.1287E+00
0.0000E+00 3.4260E+06 5.3136E+00
0.0000E+00 3.6657E+06 5.5115E+00
0.0000E+00 3.9233E+06 5.7233E+00
0.0000E+00 4.2004E+06 5.9495E+00
0.0000E+00 4.4978E+06 6.1912E+00
0.0000E+00 4.8158E+06 6.4496E+00
0.0000E+00 5.1550E+06 6.7263E+00
0.0000E+00 5.5162E+06 7.0227E+00
0.0000E+00 5.9012E+06 7.3405E+00
0.0000E+00 6.3124E+06 7.6817E+00
0.0000E+00 6.7518E+06 8.0479E+00
0.0000E+00 7.2218E+06 8.4407E+00
0.0000E+00 7.7245E+06 8.8613E+00
0.0000E+00 8.2630E+06 9.3111E+00
0.0000E+00 8.8398E+06 9.7917E+00
0.0000E+00 9.4571E+06 1.0305E+01
0.0000E+00 1.0117E+07 1.0854E+01
0.0000E+00 1.0822E+07 1.1441E+01
0.0000E+00 1.1575E+07 1.2068E+01
0.0000E+00 1.2379E+07 1.2740E+01
0.0000E+00 1.3240E+07 1.3459E+01
0.0000E+00 1.4160E+07 1.4228E+01
0.0000E+00 1.5144E+07 1.5052E+01
0.0000E+00 1.6197E+07 1.5935E+01
0.0000E+00 1.7324E+07 1.6879E+01
0.0000E+00 1.8529E+07 1.7890E+01
0.0000E+00 1.9820E+07 1.8972E+01
0.0000E+00 2.1200E+07 2.0130E+01
0.0000E+00 2.2677E+07 2.1369E+01
0.0000E+00 2.4257E+07 2.2696E+01
0.0000E+00 2.5946E+07 2.4116E+01
0.0000E+00 2.7754E+07 2.5636E+01
0.0000E+00 2.9687E+07 2.7264E+01
0.0000E+00 3.1756E+07 2.9006E+01
0.0000E+00 3.3969E+07 3.0871E+01
0.0000E+00 3.6337E+07 3.2867E+01
0.0000E+00 3.8870E+07 3.5003E+01
0.0000E+00 4.1579E+07 3.7289E+01
0.0000E+00 4.4476E+07 3.9736E+01
0.0000E+00 4.7574E+07 4.2355E+01
0.0000E+00 5.0887E+07 4.5160E+01
0.0000E+00 5.4437E+07 4.8163E+01
0.0000E+00 5.8245E+07 5.1379E+01
0.0000E+00 6.2338E+07 5.4817E+01
0.0000E+00 6.6737E+07 5.8491E+01
0.0000E+00 7.1456E+07 6.2415E+01
0.0000E+00 7.6505E+07 6.6609E+01
0.0000E+00 8.1891E+07 7.1098E+01
0.0000E+00 8.7629E+07 7.5905E+01
0.0000E+00 9.3747E+07 8.1059E+01
0.0000E+00 1.0028E+08 8.6588E+01
0.0000E+00 1.0726E+08 9.2522E+01
0.0000E+00 1.1473E+08 9.8885E+01
0.0000E+00 1.2272E+08 1.0570E+02
0.0000E+00 1.3128E+08 1.1298E+02
0.0000E+00 1.4045E+08 1.2077E+02
0.0000E+00 1.5025E+08 1.2909E+02
0.0000E+00 1.6074E+08 1.3798E+02
0.0000E+00 1.7194E+08 1.4748E+02
0.0000E+00 1.8391E+08 1.5765E+02
0.0000E+00 1.9670E+08 1.6852E+02
0.0000E+00 2.1038E+08 1.8016E+02
0.0000E+00 2.2500E+08 1.9262E+02
0.0000E+00 2.4064E+08 2.0595E+02
0.0000E+00 2.5737E+08 2.2023E+02
0.0000E+00 2.7528E+08 2.3551E+02
0.0000E+00 2.9445E+08 2.5185E+02
0.0000E+00 3.1495E+08 2.6935E+02
0.0000E+00 3.3688E+08 2.8807E+02
0.0000E+00 3.6035E+08 3.0811E+02
0.0000E+00 3.8545E+08 3.2955E+02
0.0000E+00 4.1230E+08 3.5250E+02
0.0000E+00 4.4102E+08 3.7707E+02
0.0000E+00 4.7175E+08 4.0336E+02
0.0000E+00 5.0462E+08 4.3150E+02
0.0000E+00 5.3979E+08 4.6161E+02
0.0000E+00 5.7741E+08 4.9384E+02
0.0000E+00 6.1765E+08 5.2832E+02
0.0000E+00 6.6070E+08 5.6521E+02
0.0000E+00 7.0675E+08 6.0469E+02
0.0000E+00 7.5601E+08 6.4693E+02
0.0000E+00 8.0870E+08 6.9213E+02
0.0000E+00 8.6506E+08 7.4049E+02
0.0000E+00 9.2536E+08 7.9224E+02
0.0000E+00 9.8985E+08 8.4761E+02
0.0000E+00 1.0588E+09 9.0686E+02
0.0000E+00 1.1326E+09 9.7025E+02
0.0000E+00 1.2116E+09 1.0381E+03
0.0000E+00 1.2960E+09 1.1107E+03
0.0000E+00 1.3863E+09 1.1884E+03
0.0000E+00 1.4830E+09 1.2715E+03
0.0000E+00 1.5865E+09 1.3605E+03
0.0000E+00 1.6975E+09 1.4558E+03
0.0000E+00 1.8166E+09 1.5575E+03
0.0000E+00 1.9442E+09 1.6663E+03
0.0000E+00 2.0807E+09 1.7827E+03
0.0000E+00 2.2264E+09 1.9072E+03
0.0000E+00 2.3820E+09 2.0405E+03
0.0000E+00 2.5483E+09 2.1834E+03
0.0000E+00 2.7264E+09 2.3365E+03
0.0000E+00 2.9174E+09 2.5005E+03
0.0000E+00 3.1223E+09 2.6759E+03
0.0000E+00 3.3419E+09 2.8635E+03
0.0000E+00 3.5768E+09 3.0640E+03
0.0000E+00 3.8278E+09 3.2783E+03
0.0000E+00 4.0956E+09 3.5077E+03
0.0000E+00 4.3816E+09 3.7533E+03
0.0000E+00 4.6870E+09 4.0163E+03
0.0000E+00 5.0135E+09 4.2982E+03
0.0000E+00 5.3624E+09 4.6001E+03
0.0000E+00 5.7357E+09 4.9233E+03
0.0000E+00 6.1353E+09 5.2689E+03
0.0000E+00 6.5631E+09 5.6384E+03
0.0000E+00 7.0209E+09 6.0333E+03
0.0000E+00 7.5104E+09 6.4555E+03
0.0000E+00 8.0336E+09 6.9068E+03
0.0000E+00 8.5928E+09 7.3896E+03
0.0000E+00 9.1908E+09 7.9061E+03
0.0000E+00 9.8304E+09 8.4590E+03
0.0000E+00 1.0514E+10 9.0507E+03
0.0000E+00 1.1246E+10 9.6841E+03
0.0000E+00 1.2029E+10 1.0362E+04
0.0000E+00 1.2866E+10 1.1087E+04
0.0000E+00 1.3762E+10 1.1864E+04
0.0000E+00 1.4721E+10 1.2694E+04
0.0000E+00 1.5747E+10 1.3583E+04
0.0000E+00 1.6844E+10 1.4534E+04
0.0000E+00 1.8018E+10 1.5552E+04
0.0000E+00 1.9274E+10 1.6640E+04
0.0000E+00 2.0617E+10 1.7805E+04
0.0000E+00 2.2054E+10 1.9051E+04
0.0000E+00 2.3591E+10 2.0385E+04
0.0000E+00 2.5235E+10 2.1812E+04
0.0000E+00 2.6994E+10 2.3338E+04
0.0000E+00 2.8875E+10 2.4972E+04
0.0000E+00 3.0888E+10 2.6719E+04
0.0000E+00 3.3041E+10 2.8588E+04
0.0000E+00 3.5344E+10 3.0588E+04
0.0000E+00 3.7807E+10 3.2728E+04
0.0000E+00 4.0443E+10 3.5017E+04
0.0000E+00 4.3262E+10 3.7466E+04
0.0000E+00 4.6278E+10 4.0086E+04
0.0000E+00 4.9504E+10 4.2890E+04
0.0000E+00 5.2955E+10 4.5889E+04
0.0000E+00 5.6646E+10 4.9097E+04
0.0000E+00 6.0595E+10 5.2530E+04
0.0000E+00 6.4820E+10 5.6202E+04
0.0000E+00 6.9339E+10 6.0131E+04
0.0000E+00 7.4173E+10 6.4335E+04
0.0000E+00 7.9345E+10 6.8832E+04
0.0000E+00 8.4877E+10 7.3643E+04
0.0000E+00 9.0795E+10 7.8791E+04
0.0000E+00 9.7126E+10 8.4298E+04
0.0000E+00 1.0390E+11 9.0189E+04
0.0000E+00 1.1114E+11 9.6492E+04
0.0000E+00 1.1889E+11 1.0323E+05
0.0000E+00 1.2718E+11 1.1045E+05
0.0000E+00 1.3605E+11 1.1817E+05
0.0000E+00 1.4554E+11 1.2642E+05
0.0000E+00 1.5568E+11 1.3526E+05
0.0000E+00 1.6654E+11 1.4471E+05
0.0000E+00 1.7815E+11 1.5482E+05
0.0000E+00 1.9058E+11 1.6563E+05
0.0000E+00 2.0387E+11 1.7720E+05
0.0000E+00 2.1808E+11 1.8958E+05
0.0000E+00 2.3329E+11 2.0283E+05
0.0000E+00 2.4956E+11 2.1699E+05
0.0000E+00 2.6696E+11 2.3215E+05
0.0000E+00 2.8557E+11 2.4837E+05
0.0000E+00 3.0549E+11 2.6572E+05
0.0000E+00 3.2679E+11 2.8427E+05
0.0000E+00 3.4958E+11 3.0413E+05
0.0000E+00 3.7396E+11 3.2537E+05
0.0000E+00 4.0003E+11 3.4809E+05
0.0000E+00 4.2793E+11 3.7240E+05
0.0000E+00 4.5777E+11 3.9841E+05
0.0000E+00 4.8969E+11 4.2623E+05
0.0000E+00 5.2384E+11 4.5600E+05
0.0000E+00 5.6037E+11 4.8784E+05
0.0000E+00 5.9944E+11 5.2191E+05
0.0000E+00 6.4125E+11 5.5835E+05
0.0000E+00 6.8596E+11 5.9734E+05
0.0000E+00 7.3380E+11 6.3905E+05
0.0000E+00 7.8497E+11 6.8368E+05
0.0000E+00 8.3971E+11 7.3141E+05
0.0000E+00 8.9826E+11 7.8248E+05
0.0000E+00 9.6090E+11 8.3712E+05
0.0000E+00 1.0279E+12 8.9557E+05
0.0000E+00 1.0996E+12 9.5810E+05
0.0000E+00 1.1763E+12 1.0250E+06
0.0000E+00 1.2583E+12 1.0966E+06
0.0000E+00 1.3460E+12 1.1731E+06
0.0000E+00 1.4399E+12 1.2550E+06
0.0000E+00 1.5403E+12 1.3426E+06
0.0000E+00 1.6477E+12 1.4364E+06
0.0000E+00 1.7626E+12 1.5367E+06
0.0000E+00 1.8855E+12 1.6439E+06
0.0000E+00 2.0170E+12 1.7587E+06
0.0000E+00 2.1577E+12 1.8815E+06
0.0000E+00 2.3081E+12 2.0128E+06
0.0000E+00 2.4691E+12 2.1534E+06
0.0000E+00 2.6413E+12 2.3037E+06
0.0000E+00 2.8255E+12 2.4645E+06
0.0000E+00 3.0225E+12 2.6366E+06
0.0000E+00 3.2333E+12 2.8206E+06
0.0000E+00 3.4587E+12 3.0175E+06
0.0000E+00 3.6999E+12 3.2282E+06
0.0000E+00 3.9579E+12 3.4536E+06
0.0000E+00 4.2339E+12 3.6947E+06
0.0000E+00 4.5292E+12 3.9526E+06
0.0000E+00 4.8450E+12 4.2285E+06
0.0000E+00 5.1828E+12 4.5237E+06
0.0000E+00 5.5443E+12 4.8395E+06
0.0000E+00 5.9309E+12 5.1773E+06
0.0000E+00 6.3445E+12 5.5387E+06
0.0000E+00 6.7869E+12 5.9254E+06
0.0000E+00 7.2602E+12 6.3390E+06
0.0000E+00 7.7664E+12 6.7815E+06
0.0000E+00 8.3080E+12 7.2549E+06
0.0000E+00 8.8874E+12 7.7613E+06
0.0000E+00 9.5071E+12 8.3031E+06
0.0000E+00 1.0170E+13 8.8827E+06
0.0000E+00 1.0879E+13 9.5027E+06
0.0000E+00 1.1638E+13 1.0166E+07
0.0000E+00 1.2449E+13 1.0876E+07
0.0000E+00 1.3318E+13 1.1635E+07
0.0000E+00 1.4246E+13 1.2447E+07
0.0000E+00 1.5240E+13 1.3316E+07
0.0000E+00 1.6303E+13 1.4245E+07
0.0000E+00 1.7439E+13 1.5240E+07
0.0000E+00 1.8655E+13 1.6304E+07
0.0000E+00 1.9956E+13 1.7442E+07
0.0000E+00 2.1348E+13 1.8659E+07
0.0000E+00 2.2837E+13 1.9962E+07
0.0000E+00 2.4429E+13 2.1355E+07
0.0000E+00 2.6133E+13 2.2846E+07
0.0000E+00 2.7955E+13 2.4440E+07
0.0000E+00 2.9905E+13 2.6146E+07
0.0000E+00 3.1990E+13 2.7971E+07
0.0000E+00 3.4221E+13 2.9924E+07
0.0000E+00 3.6607E+13 3.2013E+07
0.0000E+00 3.9160E+13 3.4247E+07
0.0000E+00 4.1891E+13 3.6638E+07
0.0000E+00 4.4812E+13 3.9195E+07
0.0000E+00 4.7937E+13 4.1931E+07
0.0000E+00 5.1280E+13 4.4858E+07
0.0000E+00 5.4856E+13 4.7989E+07
0.0000E+00 5.8681E+13 5.1339E+07
0.0000E+00 6.2773E+13 5.4922E+07
0.0000E+00 6.7151E+13 5.8756E+07
0.0000E+00 7.1834E+13 6.2857E+07
0.0000E+00 7.6843E+13 6.7245E+07
0.0000E+00 8.2201E+13 7.1939E+07
0.0000E+00 8.7934E+13 7.6960E+07
0.0000E+00 9.4066E+13 8.2333E+07
0.0000E+00 1.0063E+14 8.8080E+07
0.0000E+00 1.0764E+14 9.4228E+07
0.0000E+00 1.1515E+14 1.0081E+08
0.0000E+00 1.2318E+14 1.0784E+08
0.0000E+00 1.3177E+14 1.1537E+08
0.0000E+00 1.4096E+14 1.2342E+08
0.0000E+00 1.5079E+14 1.3204E+08
0.0000E+00 1.6130E+14 1.4125E+08
0.0000E+00 1.7255E+14 1.5111E+08
0.0000E+00 1.8458E+14 1.6166E+08
0.0000E+00 1.9745E+14 1.7295E+08
0.0000E+00 2.1122E+14 1.8502E+08
0.0000E+00 2.2595E+14 1.9794E+08
0.0000E+00 2.4171E+14 2.1175E+08
0.0000E+00 2.5857E+14 2.2653E+08
0.0000E+00 2.7660E+14 2.4235E+08
0.0000E+00 2.9588E+14 2.5927E+08
0.0000E+00 3.1652E+14 2.7736E+08
0.0000E+00 3.3859E+14 2.9673E+08
0.0000E+00 3.6220E+14 3.1744E+08
0.0000E+00 3.8746E+14 3.3960E+08
0.0000E+00 4.1448E+14 3.6330E+08
0.0000E+00 4.4338E+14 3.8867E+08
0.0000E+00 4.7430E+14 4.1580E+08
0.0000E+00 5.0737E+14 4.4482E+08
0.0000E+00 5.4275E+14 4.7588E+08
0.0000E+00 5.8060E+14 5.0910E+08
0.0000E+00 6.2109E+14 5.4464E+08
0.0000E+00 6.6440E+14 5.8266E+08
0.0000E+00 7.1073E+14 6.2333E+08
0.0000E+00 7.6029E+14 6.6685E+08
0.0000E+00 8.1330E+14 7.1340E+08
0.0000E+00 8.7001E+14 7.6320E+08
0.0000E+00 9.3068E+14 8.1648E+08
0.0000E+00 9.9558E+14 8.7348E+08
0.0000E+00 1.0650E+15 9.3446E+08
0.0000E+00 1.1393E+15 9.9970E+08
0.0000E+00 1.2187E+15 1.0695E+09
0.0000E+00 1.3037E+15 1.1442E+09
0.0000E+00 1.3946E+15 1.2240E+09
0.0000E+00 1.4918E+15 1.3095E+09
0.0000E+00 1.5959E+15 1.4009E+09
0.0000E+00 1.7071E+15 1.4987E+09
0.0000E+00 1.8262E+15 1.6033E+09
0.0000E+00 1.9535E+15 1.7153E+09
0.0000E+00 2.0897E+15 1.8350E+09
0.0000E+00 2.2354E+15 1.9632E+09
0.0000E+00 2.3913E+15 2.1002E+09
0.0000E+00 2.5580E+15 2.2468E+09
0.0000E+00 2.7364E+15 2.4037E+09
0.0000E+00 2.9272E+15 2.5715E+09
0.0000E+00 3.1313E+15 2.7511E+09
0.0000E+00 3.3496E+15 2.9431E+09
0.0000E+00 3.5832E+15 3.1486E+09
0.0000E+00 3.8330E+15 3.3685E+09
0.0000E+00 4.1003E+15 3.6036E+09
0.0000E+00 4.3861E+15 3.8552E+09
0.0000E+00 4.6919E+15 4.1244E+09
0.0000E+00 5.0191E+15 4.4124E+09
0.0000E+00 5.3690E+15 4.7205E+09
0.0000E+00 5.7434E+15 5.0500E+09
0.0000E+00 6.1438E+15 5.4026E+09
0.0000E+00 6.5721E+15 5.7798E+09
0.0000E+00 7.0304E+15 6.1834E+09
0.0000E+00 7.5205E+15 6.6151E+09
0.0000E+00 8.0448E+15 7.0770E+09
0.0000E+00 8.6057E+15 7.5711E+09
0.0000E+00 9.2057E+15 8.0997E+09
0.0000E+00 9.8475E+15 8.6652E+09
0.0000E+00 1.0534E+16 9.2703E+09
0.0000E+00 1.1268E+16 9.9175E+09
0.0000E+00 1.2054E+16 1.0610E+10
0.0000E+00 1.2894E+16 1.1351E+10
0.0000E+00 1.3793E+16 1.2143E+10
0.0000E+00 1.4755E+16 1.2991E+10
0.0000E+00 1.5784E+16 1.3898E+10
0.0000E+00 1.6884E+16 1.4869E+10
0.0000E+00 1.8061E+16 1.5907E+10
0.0000E+00 1.9320E+16 1.7017E+10
0.0000E+00 2.0667E+16 1.8205E+10
0.0000E+00 2.2107E+16 1.9476E+10
0.0000E+00 2.3649E+16 2.0836E+10
0.0000E+00 2.5297E+16 2.2291E+10
0.0000E+00 2.7061E+16 2.3847E+10
0.0000E+00 2.8947E+16 2.5512E+10
0.0000E+00 3.0965E+16 2.7294E+10
0.0000E+00 3.3123E+16 2.9199E+10
0.0000E+00 3.5432E+16 3.1238E+10
0.0000E+00 3.7902E+16 3.3419E+10
0.0000E+00 4.0544E+16 3.5752E+10
0.0000E+00 4.3370E+16 3.8248E+10
0.0000E+00 4.6394E+16 4.0918E+10
0.0000E+00 4.9627E+16 4.3775E+10
0.0000E+00 5.3087E+16 4.6831E+10
0.0000E+00 5.6787E+16 5.0100E+10
0.0000E+00 6.0745E+16 5.3598E+10
0.0000E+00 6.4979E+16 5.7340E+10
0.0000E+00 6.9509E+16 6.1343E+10
0.0000E+00 7.4353E+16 6.5625E+10
0.0000E+00 7.9536E+16 7.0207E+10
0.0000E+00 8.5080E+16 7.5108E+10
0.0000E+00 9.1010E+16 8.0351E+10
0.0000E+00 9.7353E+16 8.5961E+10
0.0000E+00 1.0414E+17 9.1962E+10
0.0000E+00 1.1140E+17 9.8382E+10
0.0000E+00 1.1916E+17 1.0525E+11
0.0000E+00 1.2747E+17 1.1260E+11
0.0000E+00 1.3635E+17 1.2046E+11
0.0000E+00 1.4585E+17 1.2887E+11
0.0000E+00 1.5602E+17 1.3786E+11
0.0000E+00 1.6689E+17 1.4749E+11
0.0000E+00 1.7852E+17 1.5778E+11
0.0000E+00 1.9096E+17 1.6880E+11
0.0000E+00 2.0427E+17 1.8058E+11
0.0000E+00 2.1849E+17 1.9320E+11
0.0000E+00 2.3370E+17 2.0670E+11
0.0000E+00 2.5000E+17 2.2116E+11
0.0000E+00 2.6748E+17 2.3664E+11
0.0000E+00 2.8627E+17 2.5319E+11
0.0000E+00 3.0647E+17 2.7085E+11
0.0000E+00 3.2814E+17 2.8971E+11
0.0000E+00 3.5133E+17 3.0985E+11
0.0000E+00 3.7606E+17 3.3139E+11
0.0000E+00 4.0241E+17 3.5444E+11
0.0000E+00 4.3049E+17 3.7914E+11
0.0000E+00 4.6047E+17 4.0563E+11
0.0000E+00 4.9253E+17 4.3405E+11
0.0000E+00 5.2681E+17 4.6453E+11
0.0000E+00 5.6350E+17 4.9717E+11
0.0000E+00 6.0279E+17 5.3207E+11
0.0000E+00 6.4489E+17 5.6935E+11
0.0000E+00 6.8995E+17 6.0917E+11
0.0000E+00 7.3812E+17 6.5171E+11
0.0000E+00 7.8958E+17 6.9717E+11
0.0000E+00 8.4455E+17 7.4577E+11
0.0000E+00 9.0330E+17 7.9775E+11
0.0000E+00 9.6610E+17 8.5336E+11
0.0000E+00 1.0332E+18 9.1289E+11
0.0000E+00 1.1051E+18 9.7659E+11
0.0000E+00 1.1819E+18 1.0448E+12
0.0000E+00 1.2641E+18 1.1177E+12
0.0000E+00 1.3521E+18 1.1957E+12
0.0000E+00 1.4462E+18 1.2792E+12
0.0000E+00 1.5469E+18 1.3685E+12
0.0000E+00 1.6546E+18 1.4641E+12
0.0000E+00 1.7698E+18 1.5664E+12
0.0000E+00 1.8930E+18 1.6758E+12
0.0000E+00 2.0247E+18 1.7929E+12
0.0000E+00 2.1655E+18 1.9183E+12
0.0000E+00 2.3162E+18 2.0526E+12
0.0000E+00 2.4777E+18 2.1965E+12
0.0000E+00 2.6512E+18 2.3505E+12
0.0000E+00 2.8379E+18 2.5149E+12
0.0000E+00 3.0387E+18 2.6904E+12
0.0000E+00 3.2538E+18 2.8777E+12
0.0000E+00 3.4837E+18 3.0778E+12
0.0000E+00 3.7286E+18 3.2918E+12
0.0000E+00 3.9895E+18 3.5210E+12
0.0000E+00 4.2676E+18 3.7666E+12
0.0000E+00 4.5647E+18 4.0301E+12
0.0000E+00 4.8822E+18 4.3129E+12
0.0000E+00 5.2218E+18 4.6161E+12
0.0000E+00 5.5853E+18 4.9406E+12
0.0000E+00 5.9749E+18 5.2875E+12
0.0000E+00 6.3924E+18 5.6581E+12
0.0000E+00 6.8393E+18 6.0538E+12
0.0000E+00 7.3168E+18 6.4765E+12
0.0000E+00 7.8266E+18 6.9281E+12
0.0000E+00 8.3712E+18 7.4109E+12
0.0000E+00 8.9531E+18 7.9273E+12
0.0000E+00 9.5753E+18 8.4799E+12
0.0000E+00 1.0241E+19 9.0714E+12
0.0000E+00 1.0952E+19 9.7043E+12
0.0000E+00 1.1713E+19 1.0382E+13
0.0000E+00 1.2528E+19 1.1106E+13
0.0000E+00 1.3400E+19 1.1882E+13
0.0000E+00 1.4333E+19 1.2711E+13
0.0000E+00 1.5330E+19 1.3599E+13
0.0000E+00 1.6396E+19 1.4549E+13
0.0000E+00 1.7536E+19 1.5567E+13
0.0000E+00 1.8757E+19 1.6658E+13
0.0000E+00 2.0066E+19 1.7826E+13
0.0000E+00 2.1475E+19 1.9075E+13
0.0000E+00 2.2992E+19 2.0408E+13
0.0000E+00 2.4623E+19 2.1831E+13
0.0000E+00 2.6367E+19 2.3350E+13
0.0000E+00 2.8227E+19 2.4974E+13
0.0000E+00 3.0208E+19 2.6711E+13
0.0000E+00 3.2319E+19 2.8572E+13
0.0000E+00 3.4572E+19 3.0568E+13
0.0000E+00 3.6977E+19 3.2710E+13
0.0000E+00 3.9548E+19 3.5009E+13
0.0000E+00 4.2298E+19 3.7471E+13
0.0000E+00 4.5245E+19 4.0106E+13
0.0000E+00 4.8405E+19 4.2921E+13
0.0000E+00 5.1790E+19 4.5927E+13
0.0000E+00 5.5411E+19 4.9138E+13
0.0000E+00 5.9278E+19 5.2566E+13
0.0000E+00 6.3406E+19 5.6230E+13
0.0000E+00 6.7815E+19 6.0147E+13
0.0000E+00 7.2529E+19 6.4337E+13
0.0000E+00 7.7568E+19 6.8822E+13
0.0000E+00 8.2957E+19 7.3621E+13
0.0000E+00 8.8722E+19 7.8758E+13
0.0000E+00 9.4889E+19 8.4254E+13
0.0000E+00 1.0149E+20 9.0134E+13
0.0000E+00 1.0855E+20 9.6426E+13
0.0000E+00 1.1610E+20 1.0316E+14
0.0000E+00 1.2417E+20 1.1037E+14
0.0000E+00 1.3281E+20 1.1810E+14
0.0000E+00 1.4207E+20 1.2639E+14
0.0000E+00 1.5203E+20 1.3524E+14
0.0000E+00 1.6275E+20 1.4470E+14
0.0000E+00 1.7429E+20 1.5480E+14
0.0000E+00 1.8665E+20 1.6558E+14
0.0000E+00 1.9985E+20 1.7710E+14
0.0000E+00 2.1391E+20 1.8942E+14
0.0000E+00 2.2888E+20 2.0261E+14
0.0000E+00 2.4486E+20 2.1674E+14
0.0000E+00 2.6191E+20 2.3192E+14
0.0000E+00 2.8012E+20 2.4820E+14
0.0000E+00 2.9959E+20 2.6566E+14
0.0000E+00 3.2045E+20 2.8435E+14
0.0000E+00 3.4281E+20 3.0433E+14
0.0000E+00 3.6679E+20 3.2567E+14
0.0000E+00 3.9245E+20 3.4846E+14
0.0000E+00 4.1986E+20 3.7279E+14
0.0000E+00 4.4913E+20 3.9878E+14
0.0000E+00 4.8038E+20 4.2655E+14
0.0000E+00 5.1377E+20 4.5626E+14
0.0000E+00 5.4947E+20 4.8805E+14
0.0000E+00 5.8765E+20 5.2208E+14
0.0000E+00 6.2848E+20 5.5849E+14
0.0000E+00 6.7216E+20 5.9745E+14
0.0000E+00 7.1890E+20 6.3914E+14
0.0000E+00 7.6891E+20 6.8375E+14
0.0000E+00 8.2239E+20 7.3151E+14
0.0000E+00 8.7957E+20 7.8267E+14
0.0000E+00 9.4077E+20 8.3750E+14
0.0000E+00 1.0064E+21 8.9623E+14
0.0000E+00 1.0770E+21 9.5902E+14
0.0000E+00 1.1530E+21 1.0261E+15
0.0000E+00 1.2348E+21 1.0976E+15
0.0000E+00 1.3224E+21 1.1741E+15
0.0000E+00 1.4159E+21 1.2557E+15
0.0000E+00 1.5155E+21 1.3431E+15
0.0000E+00 1.6216E+21 1.4367E+15
0.0000E+00 1.7347E+21 1.5369E+15
0.0000E+00 1.8555E+21 1.6446E+15
0.0000E+00 1.9845E+21 1.7601E+15
0.0000E+00 2.1225E+21 1.8839E+15
0.0000E+00 2.2703E+21 2.0165E+15
0.0000E+00 2.4288E+21 2.1582E+15
0.0000E+00 2.5987E+21 2.3095E+15
0.0000E+00 2.7805E+21 2.4711E+15
0.0000E+00 2.9748E+21 2.6436E+15
0.0000E+00 3.1821E+21 2.8278E+15
0.0000E+00 3.4034E+21 3.0248E+15
0.0000E+00 3.6400E+21 3.2355E+15
0.0000E+00 3.8930E+21 3.4609E+15
0.0000E+00 4.1635E+21 3.7021E+15
0.0000E+00 4.4528E+21 3.9603E+15
0.0000E+00 4.7623E+21 4.2366E+15
0.0000E+00 5.0934E+21 4.5322E+15
0.0000E+00 5.4477E+21 4.8485E+15
0.0000E+00 5.8265E+21 5.1873E+15
0.0000E+00 6.2316E+21 5.5503E+15
0.0000E+00 6.6655E+21 5.9393E+15
0.0000E+00 7.1311E+21 6.3558E+15
0.0000E+00 7.6323E+21 6.8008E+15
0.0000E+00 8.1725E+21 7.2759E+15
0.0000E+00 8.7527E+21 7.7831E+15
0.0000E+00 9.3731E+21 8.3248E+15
0.0000E+00 1.0035E+22 8.9039E+15
0.0000E+00 1.0739E+22 9.5235E+15
0.0000E+00 1.1490E+22 1.0187E+16
0.0000E+00 1.2291E+22 1.0899E+16
0.0000E+00 1.3147E+22 1.1663E+16
0.0000E+00 1.4061E+22 1.2483E+16
0.0000E+00 1.5039E+22 1.3361E+16
0.0000E+00 1.6087E+22 1.4301E+16
0.0000E+00 1.7211E+22 1.5305E+16
0.0000E+00 1.8415E+22 1.6378E+16
0.0000E+00 1.9703E+22 1.7523E+16
0.0000E+00 2.1079E+22 1.8745E+16
0.0000E+00 2.2547E+22 2.0052E+16
0.0000E+00 2.4115E+22 2.1448E+16
0.0000E+00 2.5791E+22 2.2942E+16
0.0000E+00 2.7583E+22 2.4541E+16
0.0000E+00 2.9500E+22 2.6251E+16
0.0000E+00 3.1550E+22 2.8082E+16
0.0000E+00 3.3743E+22 3.0041E+16
0.0000E+00 3.6090E+22 3.2137E+16
0.0000E+00 3.8599E+22 3.4381E+16
0.0000E+00 4.1283E+22 3.6785E+16
0.0000E+00 4.4154E+22 3.9361E+16
0.0000E+00 4.7231E+22 4.2121E+16
0.0000E+00 5.0538E+22 4.5073E+16
0.0000E+00 5.4101E+22 4.8226E+16
0.0000E+00 5.7937E+22 5.1592E+16
0.0000E+00 6.2050E+22 5.5185E+16
0.0000E+00 6.6441E+22 5.9025E+16
0.0000E+00 7.1120E+22 6.3131E+16
0.0000E+00 7.6106E+22 6.7525E+16
0.0000E+00 8.1421E+22 7.2235E+16
0.0000E+00 8.7095E+22 7.7288E+16
0.0000E+00 9.3153E+22 8.2713E+16
0.0000E+00 9.9628E+22 8.8532E+16
0.0000E+00 1.0656E+23 9.4762E+16
0.0000E+00 1.1400E+23 1.0142E+17
0.0000E+00 1.2197E+23 1.0854E+17
0.0000E+00 1.3051E+23 1.1614E+17
0.0000E+00 1.3963E+23 1.2425E+17
0.0000E+00 1.4936E+23 1.3291E+17
0.0000E+00 1.5976E+23 1.4217E+17
0.0000E+00 1.7087E+23 1.5207E+17
0.0000E+00 1.8274E+23 1.6267E+17
0.0000E+00 1.9544E+23 1.7400E+17
0.0000E+00 2.0902E+23 1.8614E+17
0.0000E+00 2.2355E+23 1.9912E+17
0.0000E+00 2.3909E+23 2.1301E+17
0.0000E+00 2.5572E+23 2.2787E+17
0.0000E+00 2.7350E+23 2.4379E+17
0.0000E+00 2.9252E+23 2.6085E+17
0.0000E+00 3.1287E+23 2.7912E+17
0.0000E+00 3.3471E+23 2.9870E+17
0.0000E+00 3.5821E+23 3.1962E+17
0.0000E+00 3.8353E+23 3.4196E+17
0.0000E+00 4.1075E+23 3.6580E+17
0.0000E+00 4.3988E+23 3.9126E+17
0.0000E+00 4.7096E+23 4.1848E+17
0.0000E+00 5.0406E+23 4.4759E+17
0.0000E+00 5.3934E+23 4.7876E+17
0.0000E+00 5.7697E+23 5.1219E+17
0.0000E+00 6.1713E+23 5.4807E+17
0.0000E+00 6.6004E+23 5.8658E+17
0.0000E+00 7.0593E+23 6.2786E+17
0.0000E+00 7.5511E+23 6.7203E+17
0.0000E+00 8.0785E+23 7.1924E+17
0.0000E+00 8.6439E+23 7.6965E+17
0.0000E+00 9.2487E+23 8.2348E+17
0.0000E+00 9.8945E+23 8.8095E+17
0.0000E+00 1.0584E+24 9.4235E+17
0.0000E+00 1.1320E+24 1.0080E+18
0.0000E+00 1.2107E+24 1.0782E+18
0.0000E+00 1.2949E+24 1.1533E+18
0.0000E+00 1.3848E+24 1.2337E+18
0.0000E+00 1.4811E+24 1.3197E+18
0.0000E+00 1.5840E+24 1.4118E+18
0.0000E+00 1.6941E+24 1.5103E+18
0.0000E+00 1.8120E+24 1.6157E+18
0.0000E+00 1.9379E+24 1.7286E+18
0.0000E+00 2.0727E+24 1.8496E+18
0.0000E+00 2.2171E+24 1.9793E+18
0.0000E+00 2.3721E+24 2.1180E+18
0.0000E+00 2.5391E+24 2.2663E+18
0.0000E+00 2.7190E+24 2.4245E+18
0.0000E+00 2.9121E+24 2.5934E+18
0.0000E+00 3.1183E+24 2.7738E+18
0.0000E+00 3.3381E+24 2.9667E+18
0.0000E+00 3.5724E+24 3.1732E+18
0.0000E+00 3.8220E+24 3.3943E+18
0.0000E+00 4.0885E+24 3.6316E+18
0.0000E+00 4.3729E+24 3.8864E+18
0.0000E+00 4.6769E+24 4.1597E+18
0.0000E+00 5.0022E+24 4.4524E+18
0.0000E+00 5.3511E+24 4.7655E+18
0.0000E+00 5.7252E+24 5.0999E+18
0.0000E+00 6.1260E+24 5.4571E+18
0.0000E+00 6.5543E+24 5.8384E+18
0.0000E+00 7.0115E+24 6.2456E+18
0.0000E+00 7.4997E+24 6.6807E+18
0.0000E+00 8.0213E+24 7.1459E+18
0.0000E+00 8.5789E+24 7.6436E+18
0.0000E+00 9.1750E+24 8.1763E+18
0.0000E+00 9.8126E+24 8.7463E+18
0.0000E+00 1.0494E+25 9.3563E+18
0.0000E+00 1.1224E+25 1.0009E+19
0.0000E+00 1.2005E+25 1.0707E+19
0.0000E+00 1.2839E+25 1.1455E+19
0.0000E+00 1.3732E+25 1.2256E+19
0.0000E+00 1.4688E+25 1.3115E+19
0.0000E+00 1.5712E+25 1.4034E+19
0.0000E+00 1.6813E+25 1.5018E+19
0.0000E+00 1.8000E+25 1.6068E+19
0.0000E+00 1.9277E+25 1.7188E+19
0.0000E+00 2.0645E+25 1.8385E+19
0.0000E+00 2.2105E+25 1.9664E+19
0.0000E+00 2.3660E+25 2.1031E+19
0.0000E+00 2.5318E+25 2.2495E+19
0.0000E+00 2.7085E+25 2.4065E+19
0.0000E+00 2.8972E+25 2.5749E+19
0.0000E+00 3.0986E+25 2.7558E+19
0.0000E+00 3.3141E+25 2.9496E+19
0.0000E+00 3.5448E+25 3.1572E+19
0.0000E+00 3.7923E+25 3.3790E+19
0.0000E+00 4.0576E+25 3.6160E+19
0.0000E+00 4.3416E+25 3.8690E+19
0.0000E+00 4.6449E+25 4.1391E+19
0.0000E+00 4.9686E+25 4.4276E+19
0.0000E+00 5.3144E+25 4.7360E+19
0.0000E+00 5.6839E+25 5.0658E+19
0.0000E+00 6.0790E+25 5.4187E+19
0.0000E+00 6.5014E+25 5.7964E+19
0.0000E+00 6.9532E+25 6.2006E+19
0.0000E+00 7.4365E+25 6.6331E+19
0.0000E+00 7.9536E+25 7.0958E+19
0.0000E+00 8.5068E+25 7.5911E+19
0.0000E+00 9.0983E+25 8.1214E+19
0.0000E+00 9.7310E+25 8.6897E+19
0.0000E+00 1.0408E+26 9.2988E+19
0.0000E+00 1.1135E+26 9.9508E+19
0.0000E+00 1.1918E+26 1.0648E+20
0.0000E+00 1.2761E+26 1.1391E+20
0.0000E+00 1.3667E+26 1.2185E+20
0.0000E+00 1.4636E+26 1.3033E+20
0.0000E+00 1.5669E+26 1.3939E+20
0.0000E+00 1.6770E+26 1.4909E+20
0.0000E+00 1.7943E+26 1.5948E+20
0.0000E+00 1.9194E+26 1.7062E+20
0.0000E+00 2.0530E+26 1.8257E+20
0.0000E+00 2.1958E+26 1.9541E+20
0.0000E+00 2.3485E+26 2.0916E+20
0.0000E+00 2.5121E+26 2.2387E+20
0.0000E+00 2.6877E+26 2.3959E+20
0.0000E+00 2.8758E+26 2.5638E+20
0.0000E+00 3.0770E+26 2.7430E+20
0.0000E+00 3.2918E+26 2.9344E+20
0.0000E+00 3.5211E+26 3.1388E+20
0.0000E+00 3.7660E+26 3.3574E+20
0.0000E+00 4.0278E+26 3.5912E+20
0.0000E+00 4.3077E+26 3.8415E+20
0.0000E+00 4.6071E+26 4.1093E+20
0.0000E+00 4.9272E+26 4.3959E+20
0.0000E+00 5.2698E+26 4.7025E+20
0.0000E+00 5.6363E+26 5.0306E+20
0.0000E+00 6.0283E+26 5.3818E+20
0.0000E+00 6.4474E+26 5.7580E+20
0.0000E+00 6.8959E+26 6.1613E+20
0.0000E+00 7.3765E+26 6.5933E+20
0.0000E+00 7.8929E+26 7.0554E+20
0.0000E+00 8.4491E+26 7.5490E+20
0.0000E+00 9.0481E+26 8.0757E+20
0.0000E+00 9.6903E+26 8.6381E+20
0.0000E+00 1.0376E+27 9.2390E+20
0.0000E+00 1.1107E+27 9.8816E+20
0.0000E+00 1.1886E+27 1.0569E+21
0.0000E+00 1.2717E+27 1.1306E+21
0.0000E+00 1.3603E+27 1.2097E+21
0.0000E+00 1.4549E+27 1.2946E+21
0.0000E+00 1.5560E+27 1.3856E+21
0.0000E+00 1.6643E+27 1.4831E+21
0.0000E+00 1.7805E+27 1.5874E+21
0.0000E+00 1.9050E+27 1.6988E+21
0.0000E+00 2.0383E+27 1.8177E+21
0.0000E+00 2.1808E+27 1.9447E+21
0.0000E+00 2.3329E+27 2.0803E+21
0.0000E+00 2.4953E+27 2.2252E+21
0.0000E+00 2.6689E+27 2.3802E+21
0.0000E+00 2.8544E+27 2.5460E+21
0.0000E+00 3.0528E+27 2.7234E+21
0.0000E+00 3.2649E+27 2.9133E+21
0.0000E+00 3.4918E+27 3.1165E+21
0.0000E+00 3.7346E+27 3.3339E+21
0.0000E+00 3.9944E+27 3.5666E+21
0.0000E+00 4.2721E+27 3.8157E+21
0.0000E+00 4.5692E+27 4.0826E+21
0.0000E+00 4.8873E+27 4.3687E+21
0.0000E+00 5.2284E+27 4.6751E+21
0.0000E+00 5.5953E+27 5.0025E+21
0.0000E+00 5.9907E+27 5.3521E+21
0.0000E+00 6.4157E+27 5.7253E+21
0.0000E+00 6.8707E+27 6.1237E+21
0.0000E+00 7.3562E+27 6.5497E+21
0.0000E+00 7.8735E+27 7.0053E+21
0.0000E+00 8.4249E+27 7.4931E+21
0.0000E+00 9.0129E+27 8.0161E+21
0.0000E+00 9.6406E+27 8.5775E+21
0.0000E+00 1.0311E+28 9.1801E+21
0.0000E+00 1.1028E+28 9.8259E+21
0.0000E+00 1.1796E+28 1.0517E+22
0.0000E+00 1.2620E+28 1.1256E+22
0.0000E+00 1.3503E+28 1.2045E+22
0.0000E+00 1.4448E+28 1.2888E+22
0.0000E+00 1.5457E+28 1.3787E+22
0.0000E+00 1.6534E+28 1.4748E+22
0.0000E+00 1.7685E+28 1.5776E+22
0.0000E+00 1.8915E+28 1.6874E+22
0.0000E+00 2.0229E+28 1.8050E+22
0.0000E+00 2.1635E+28 1.9308E+22
0.0000E+00 2.3139E+28 2.0655E+22
0.0000E+00 2.4747E+28 2.2096E+22
0.0000E+00 2.6468E+28 2.3637E+22
0.0000E+00 2.8309E+28 2.5287E+22
0.0000E+00 3.0278E+28 2.7055E+22
0.0000E+00 3.2384E+28 2.8949E+22
0.0000E+00 3.4640E+28 3.0978E+22
0.0000E+00 3.7063E+28 3.3150E+22
0.0000E+00 3.9671E+28 3.5470E+22
0.0000E+00 4.2480E+28 3.7946E+22
0.0000E+00 4.5495E+28 4.0590E+22
0.0000E+00 4.8717E+28 4.3414E+22
0.0000E+00 5.2153E+28 4.6434E+22
0.0000E+00 5.5815E+28 4.9665E+22
0.0000E+00 5.9718E+28 5.3126E+22
0.0000E+00 6.3883E+28 5.6839E+22
0.0000E+00 6.8329E+28 6.0825E+22
0.0000E+00 7.3080E+28 6.5101E+22
0.0000E+00 7.8164E+28 6.9682E+22
0.0000E+00 8.3615E+28 7.4582E+22
0.0000E+00 8.9460E+28 7.9818E+22
0.0000E+00 9.5722E+28 8.5409E+22
0.0000E+00 1.0242E+29 9.1379E+22
0.0000E+00 1.0956E+29 9.7753E+22
0.0000E+00 1.1719E+29 1.0456E+23
0.0000E+00 1.2535E+29 1.1185E+23
0.0000E+00 1.3406E+29 1.1964E+23
0.0000E+00 1.4338E+29 1.2798E+23
0.0000E+00 1.5334E+29 1.3690E+23
0.0000E+00 1.6400E+29 1.4645E+23
0.0000E+00 1.7540E+29 1.5666E+23
0.0000E+00 1.8760E+29 1.6760E+23
0.0000E+00 2.0065E+29 1.7930E+23
0.0000E+00 2.1461E+29 1.9184E+23
0.0000E+00 2.2954E+29 2.0528E+23
0.0000E+00 2.4556E+29 2.1967E+23
0.0000E+00 2.6277E+29 2.3506E+23
0.0000E+00 2.8132E+29 2.5150E+23
0.0000E+00 3.0126E+29 2.6904E+23
0.0000E+00 3.2262E+29 2.8778E+23
0.0000E+00 3.4544E+29 3.0780E+23
0.0000E+00 3.6976E+29 3.2921E+23
0.0000E+00 3.9569E+29 3.5213E+23
0.0000E+00 4.2333E+29 3.7670E+23
0.0000E+00 4.5283E+29 4.0306E+23
0.0000E+00 4.8433E+29 4.3136E+23
0.0000E+00 5.1802E+29 4.6169E+23
0.0000E+00 5.5409E+29 4.9418E+23
0.0000E+00 5.9277E+29 5.2891E+23
0.0000E+00 6.3423E+29 5.6602E+23
0.0000E+00 6.7861E+29 6.0563E+23
0.0000E+00 7.2602E+29 6.4793E+23
0.0000E+00 7.7665E+29 6.9312E+23
0.0000E+00 8.3072E+29 7.4140E+23
0.0000E+00 8.8850E+29 7.9304E+23
0.0000E+00 9.5028E+29 8.4829E+23
0.0000E+00 1.0163E+30 9.0742E+23
0.0000E+00 1.0870E+30 9.7070E+23
0.0000E+00 1.1625E+30 1.0384E+24
0.0000E+00 1.2434E+30 1.1109E+24
0.0000E+00 1.3298E+30 1.1884E+24
0.0000E+00 1.4223E+30 1.2715E+24
0.0000E+00 1.5213E+30 1.3605E+24
0.0000E+00 1.6273E+30 1.4558E+24
0.0000E+00 1.7411E+30 1.5578E+24
0.0000E+00 1.8635E+30 1.6669E+24
0.0000E+00 1.9952E+30 1.7833E+24
0.0000E+00 2.1366E+30 1.9077E+24
0.0000E+00 2.2879E+30 2.0404E+24
0.0000E+00 2.4495E+30 2.1824E+24
0.0000E+00 2.6217E+30 2.3343E+24
0.0000E+00 2.8053E+30 2.4970E+24
0.0000E+00 3.0012E+30 2.6714E+24
0.0000E+00 3.2102E+30 2.8586E+24
0.0000E+00 3.4336E+30 3.0594E+24
0.0000E+00 3.6725E+30 3.2746E+24
0.0000E+00 3.9285E+30 3.5049E+24
0.0000E+00 4.2029E+30 3.7511E+24
0.0000E+00 4.4969E+30 4.0141E+24
0.0000E+00 4.8113E+30 4.2948E+24
0.0000E+00 5.1473E+30 4.5947E+24
0.0000E+00 5.5061E+30 4.9150E+24
0.0000E+00 5.8893E+30 5.2574E+24
0.0000E+00 6.2989E+30 5.6237E+24
0.0000E+00 6.7368E+30 6.0155E+24
0.0000E+00 7.2051E+30 6.4349E+24
0.0000E+00 7.7059E+30 6.8836E+24
0.0000E+00 8.2417E+30 7.3638E+24
0.0000E+00 8.8147E+30 7.8778E+24
0.0000E+00 9.4278E+30 8.4281E+24
0.0000E+00 1.0084E+31 9.0176E+24
0.0000E+00 1.0786E+31 9.6490E+24
0.0000E+00 1.1539E+31 1.0325E+25
0.0000E+00 1.2348E+31 1.1048E+25
0.0000E+00 1.3218E+31 1.1821E+25
0.0000E+00 1.4152E+31 1.2646E+25
0.0000E+00 1.5153E+31 1.3528E+25
0.0000E+00 1.6225E+31 1.4469E+25
0.0000E+00 1.7369E+31 1.5477E+25
0.0000E+00 1.8590E+31 1.6555E+25
0.0000E+00 1.9892E+31 1.7710E+25
0.0000E+00 2.1280E+31 1.8949E+25
0.0000E+00 2.2763E+31 2.0277E+25
0.0000E+00 2.4347E+31 2.1702E+25
0.0000E+00 2.6044E+31 2.3227E+25
0.0000E+00 2.7860E+31 2.4860E+25
0.0000E+00 2.9806E+31 2.6606E+25
0.0000E+00 3.1889E+31 2.8470E+25
0.0000E+00 3.4117E+31 3.0461E+25
0.0000E+00 3.6499E+31 3.2588E+25
0.0000E+00 3.9043E+31 3.4860E+25
0.0000E+00 4.1760E+31 3.7289E+25
0.0000E+00 4.4665E+31 3.9887E+25
0.0000E+00 4.7770E+31 4.2667E+25
0.0000E+00 5.1091E+31 4.5641E+25
0.0000E+00 5.4643E+31 4.8824E+25
0.0000E+00 5.8441E+31 5.2230E+25
0.0000E+00 6.2504E+31 5.5878E+25
0.0000E+00 6.6852E+31 5.9785E+25
0.0000E+00 7.1507E+31 6.3969E+25
0.0000E+00 7.6498E+31 6.8446E+25
0.0000E+00 8.1857E+31 7.3235E+25
0.0000E+00 8.7610E+31 7.8358E+25
0.0000E+00 9.3779E+31 8.3836E+25
0.0000E+00 1.0039E+32 8.9690E+25
0.0000E+00 1.0747E+32 9.5946E+25
0.0000E+00 1.1506E+32 1.0263E+26
0.0000E+00 1.2317E+32 1.0979E+26
0.0000E+00 1.3184E+32 1.1745E+26
0.0000E+00 1.4107E+32 1.2565E+26
0.0000E+00 1.5093E+32 1.3445E+26
0.0000E+00 1.6146E+32 1.4387E+26
0.0000E+00 1.7272E+32 1.5397E+26
0.0000E+00 1.8477E+32 1.6478E+26
0.0000E+00 1.9765E+32 1.7636E+26
0.0000E+00 2.1144E+32 1.8874E+26
0.0000E+00 2.2619E+32 2.0196E+26
0.0000E+00 2.4199E+32 2.1610E+26
0.0000E+00 2.5888E+32 2.3120E+26
0.0000E+00 2.7693E+32 2.4733E+26
0.0000E+00 2.9622E+32 2.6457E+26
0.0000E+00 3.1683E+32 2.8300E+26
0.0000E+00 3.3886E+32 3.0272E+26
0.0000E+00 3.6242E+32 3.2382E+26
0.0000E+00 3.8761E+32 3.4640E+26
0.0000E+00 4.1455E+32 3.7058E+26
0.0000E+00 4.4337E+32 3.9648E+26
0.0000E+00 4.7422E+32 4.2422E+26
0.0000E+00 5.0731E+32 4.5391E+26
0.0000E+00 5.4284E+32 4.8564E+26
0.0000E+00 5.8099E+32 5.1957E+26
0.0000E+00 6.2186E+32 5.5586E+26
0.0000E+00 6.6555E+32 5.9469E+26
0.0000E+00 7.1225E+32 6.3625E+26
0.0000E+00 7.6227E+32 6.8070E+26
0.0000E+00 8.1594E+32 7.2826E+26
0.0000E+00 8.7347E+32 7.7914E+26
0.0000E+00 9.3500E+32 8.3362E+26
0.0000E+00 1.0007E+33 8.9193E+26
0.0000E+00 1.0708E+33 9.5435E+26
0.0000E+00 1.1457E+33 1.0211E+27
0.0000E+00 1.2259E+33 1.0927E+27
0.0000E+00 1.3115E+33 1.1693E+27
0.0000E+00 1.4029E+33 1.2513E+27
0.0000E+00 1.5006E+33 1.3391E+27
0.0000E+00 1.6051E+33 1.4330E+27
0.0000E+00 1.7169E+33 1.5335E+27
0.0000E+00 1.8368E+33 1.6408E+27
0.0000E+00 1.9650E+33 1.7555E+27
0.0000E+00 2.1021E+33 1.8780E+27
0.0000E+00 2.2485E+33 2.0089E+27
0.0000E+00 2.4049E+33 2.1489E+27
0.0000E+00 2.5722E+33 2.2986E+27
0.0000E+00 2.7509E+33 2.4589E+27
0.0000E+00 2.9421E+33 2.6306E+27
0.0000E+00 3.1467E+33 2.8145E+27
0.0000E+00 3.3659E+33 3.0114E+27
0.0000E+00 3.6013E+33 3.2220E+27
0.0000E+00 3.8542E+33 3.4471E+27
0.0000E+00 4.1255E+33 3.6876E+27
0.0000E+00 4.4156E+33 3.9448E+27
0.0000E+00 4.7252E+33 4.2201E+27
0.0000E+00 5.0559E+33 4.5150E+27
0.0000E+00 5.4094E+33 4.8310E+27
0.0000E+00 5.7882E+33 5.1695E+27
0.0000E+00 6.1948E+33 5.5318E+27
0.0000E+00 6.6312E+33 5.9196E+27
0.0000E+00 7.0985E+33 6.3342E+27
0.0000E+00 7.5980E+33 6.7775E+27
0.0000E+00 8.1319E+33 7.2513E+27
0.0000E+00 8.7024E+33 7.7581E+27
0.0000E+00 9.3114E+33 8.3005E+27
0.0000E+00 9.9612E+33 8.8814E+27
0.0000E+00 1.0654E+34 9.5037E+27
0.0000E+00 1.1395E+34 1.0170E+28
0.0000E+00 1.2187E+34 1.0884E+28
0.0000E+00 1.3036E+34 1.1647E+28
0.0000E+00 1.3946E+34 1.2463E+28
0.0000E+00 1.4920E+34 1.3335E+28
0.0000E+00 1.5962E+34 1.4266E+28
0.0000E+00 1.7074E+34 1.5260E+28
0.0000E+00 1.8262E+34 1.6324E+28
0.0000E+00 1.9532E+34 1.7462E+28
0.0000E+00 2.0889E+34 1.8682E+28
0.0000E+00 2.2343E+34 1.9988E+28
0.0000E+00 2.3902E+34 2.1385E+28
0.0000E+00 2.5578E+34 2.2879E+28
0.0000E+00 2.7376E+34 2.4476E+28
0.0000E+00 2.9302E+34 2.6183E+28
0.0000E+00 3.1360E+34 2.8008E+28
0.0000E+00 3.3557E+34 2.9961E+28
0.0000E+00 3.5903E+34 3.2054E+28
0.0000E+00 3.8409E+34 3.4298E+28
0.0000E+00 4.1089E+34 3.6705E+28
0.0000E+00 4.3960E+34 3.9285E+28
0.0000E+00 4.7045E+34 4.2044E+28
0.0000E+00 5.0361E+34 4.4994E+28
0.0000E+00 5.3917E+34 4.8144E+28
0.0000E+00 5.7720E+34 5.1509E+28
0.0000E+00 6.1778E+34 5.5104E+28
0.0000E+00 6.6108E+34 5.8949E+28
0.0000E+00 7.0727E+34 6.3064E+28
0.0000E+00 7.5655E+34 6.7474E+28
0.0000E+00 8.0916E+34 7.2201E+28
0.0000E+00 8.6537E+34 7.7266E+28
0.0000E+00 9.2554E+34 8.2690E+28
0.0000E+00 9.9002E+34 8.8491E+28
0.0000E+00 1.0591E+35 9.4691E+28
0.0000E+00 1.1331E+35 1.0131E+29
0.0000E+00 1.2122E+35 1.0839E+29
0.0000E+00 1.2967E+35 1.1595E+29
0.0000E+00 1.3869E+35 1.2404E+29
0.0000E+00 1.4834E+35 1.3271E+29
0.0000E+00 1.5868E+35 1.4198E+29
0.0000E+00 1.6978E+35 1.5190E+29
0.0000E+00 1.8170E+35 1.6250E+29
0.0000E+00 1.9448E+35 1.7383E+29
0.0000E+00 2.0814E+35 1.8595E+29
0.0000E+00 2.2274E+35 1.9891E+29
0.0000E+00 2.3832E+35 2.1278E+29
0.0000E+00 2.5497E+35 2.2764E+29
0.0000E+00 2.7276E+35 2.4359E+29
0.0000E+00 2.9176E+35 2.6069E+29
0.0000E+00 3.1210E+35 2.7903E+29
0.0000E+00 3.3394E+35 2.9865E+29
0.0000E+00 3.5744E+35 3.1962E+29
0.0000E+00 3.8270E+35 3.4201E+29
0.0000E+00 4.0974E+35 3.6591E+29
0.0000E+00 4.3859E+35 3.9143E+29
0.0000E+00 4.6935E+35 4.1872E+29
0.0000E+00 5.0217E+35 4.4791E+29
0.0000E+00 5.3718E+35 4.7918E+29
0.0000E+00 5.7457E+35 5.1271E+29
0.0000E+00 6.1450E+35 5.4865E+29
0.0000E+00 6.5719E+35 5.8716E+29
0.0000E+00 7.0292E+35 6.2838E+29
0.0000E+00 7.5195E+35 6.7244E+29
0.0000E+00 8.0448E+35 7.1953E+29
0.0000E+00 8.6068E+35 7.6984E+29
0.0000E+00 9.2072E+35 8.2364E+29
0.0000E+00 9.8486E+35 8.8118E+29
0.0000E+00 1.0535E+36 9.4274E+29
0.0000E+00 1.1271E+36 1.0086E+30
0.0000E+00 1.2061E+36 1.0790E+30
0.0000E+00 1.2909E+36 1.1542E+30
0.0000E+00 1.3816E+36 1.2346E+30
0.0000E+00 1.4785E+36 1.3207E+30
0.0000E+00 1.5820E+36 1.4127E+30
0.0000E+00 1.6926E+36 1.5113E+30
0.0000E+00 1.8107E+36 1.6169E+30
0.0000E+00 1.9369E+36 1.7303E+30
0.0000E+00 2.0718E+36 1.8518E+30
0.0000E+00 2.2161E+36 1.9822E+30
0.0000E+00 2.3711E+36 2.1216E+30
0.0000E+00 2.5379E+36 2.2705E+30
0.0000E+00 2.7172E+36 2.4295E+30
0.0000E+00 2.9092E+36 2.5992E+30
0.0000E+00 3.1141E+36 2.7804E+30
0.0000E+00 3.3325E+36 2.9741E+30
0.0000E+00 3.5655E+36 3.1813E+30
0.0000E+00 3.8142E+36 3.4033E+30
0.0000E+00 4.0797E+36 3.6413E+30
0.0000E+00 4.3633E+36 3.8965E+30
0.0000E+00 4.6664E+36 4.1700E+30
0.0000E+00 4.9911E+36 4.4627E+30
0.0000E+00 5.3390E+36 4.7757E+30
0.0000E+00 5.7120E+36 5.1104E+30
0.0000E+00 6.1110E+36 5.4681E+30
0.0000E+00 6.5376E+36 5.8506E+30
0.0000E+00 6.9935E+36 6.2597E+30
0.0000E+00 7.4818E+36 6.6970E+30
0.0000E+00 8.0059E+36 7.1643E+30
0.0000E+00 8.5685E+36 7.6638E+30
0.0000E+00 9.1711E+36 8.1978E+30
0.0000E+00 9.8148E+36 8.7688E+30
0.0000E+00 1.0502E+37 9.3798E+30
0.0000E+00 1.1236E+37 1.0034E+31
0.0000E+00 1.2020E+37 1.0735E+31
0.0000E+00 1.2858E+37 1.1486E+31
0.0000E+00 1.3754E+37 1.2292E+31
0.0000E+00 1.4711E+37 1.3156E+31
0.0000E+00 1.5737E+37 1.4082E+31
0.0000E+00 1.6838E+37 1.5072E+31
0.0000E+00 1.8023E+37 1.6130E+31
0.0000E+00 1.9297E+37 1.7258E+31
0.0000E+00 2.0659E+37 1.8462E+31
0.0000E+00 2.2113E+37 1.9749E+31
0.0000E+00 2.3663E+37 2.1124E+31
0.0000E+00 2.5317E+37 2.2595E+31
0.0000E+00 2.7082E+37 2.4172E+31
0.0000E+00 2.8967E+37 2.5863E+31
0.0000E+00 3.0981E+37 2.7675E+31
0.0000E+00 3.3134E+37 2.9618E+31
0.0000E+00 3.5439E+37 3.1697E+31
0.0000E+00 3.7911E+37 3.3920E+31
0.0000E+00 4.0559E+37 3.6298E+31
0.0000E+00 4.3392E+37 3.8841E+31
0.0000E+00 4.6422E+37 4.1559E+31
0.0000E+00 4.9665E+37 4.4465E+31
0.0000E+00 5.3142E+37 4.7569E+31
0.0000E+00 5.6875E+37 5.0886E+31
0.0000E+00 6.0876E+37 5.4431E+31
0.0000E+00 6.5153E+37 5.8222E+31
0.0000E+00 6.9717E+37 6.2278E+31
0.0000E+00 7.4591E+37 6.6619E+31
0.0000E+00 7.9798E+37 7.1268E+31
0.0000E+00 8.5361E+37 7.6252E+31
0.0000E+00 9.1305E+37 8.1596E+31
0.0000E+00 9.7660E+37 8.7328E+31
0.0000E+00 1.0446E+38 9.3472E+31
0.0000E+00 1.1175E+38 1.0005E+32
0.0000E+00 1.1959E+38 1.0707E+32
0.0000E+00 1.2802E+38 1.1458E+32
0.0000E+00 1.3706E+38 1.2258E+32
0.0000E+00 1.4673E+38 1.3113E+32
0.0000E+00 1.5704E+38 1.4026E+32
0.0000E+00 1.6803E+38 1.5002E+32
0.0000E+00 1.7977E+38 1.6048E+32
0.0000E+00 1.9230E+38 1.7168E+32
0.0000E+00 2.0568E+38 1.8370E+32
0.0000E+00 2.1997E+38 1.9658E+32
0.0000E+00 2.3526E+38 2.1037E+32
0.0000E+00 2.5165E+38 2.2514E+32
0.0000E+00 2.6920E+38 2.4094E+32
0.0000E+00 2.8801E+38 2.5783E+32
0.0000E+00 3.0814E+38 2.7590E+32
0.0000E+00 3.2967E+38 2.9521E+32
0.0000E+00 3.5276E+38 3.1583E+32
0.0000E+00 3.7753E+38 3.3786E+32
0.0000E+00 4.0409E+38 3.6140E+32
0.0000E+00 4.3249E+38 3.8657E+32
0.0000E+00 4.6281E+38 4.1348E+32
0.0000E+00 4.9518E+38 4.4229E+32
0.0000E+00 5.2975E+38 4.7315E+32
0.0000E+00 5.6668E+38 5.0622E+32
0.0000E+00 6.0614E+38 5.4167E+32
0.0000E+00 6.4833E+38 5.7969E+32
0.0000E+00 6.9345E+38 6.2045E+32
0.0000E+00 7.4180E+38 6.6410E+32
0.0000E+00 7.9372E+38 7.1078E+32
0.0000E+00 8.4952E+38 7.6063E+32
0.0000E+00 9.0946E+38 8.1382E+32
0.0000E+00 9.7365E+38 8.7060E+32
0.0000E+00 1.0422E+39 9.3123E+32
0.0000E+00 1.1152E+39 9.9606E+32
0.0000E+00 1.1932E+39 1.0654E+33
0.0000E+00 1.2765E+39 1.1397E+33
0.0000E+00 1.3654E+39 1.2194E+33
0.0000E+00 1.4603E+39 1.3048E+33
0.0000E+00 1.5619E+39 1.3963E+33
0.0000E+00 1.6705E+39 1.4943E+33
0.0000E+00 1.7869E+39 1.5992E+33
0.0000E+00 1.9117E+39 1.7115E+33
0.0000E+00 2.0453E+39 1.8315E+33
0.0000E+00 2.1883E+39 1.9598E+33
0.0000E+00 2.3416E+39 2.0968E+33
0.0000E+00 2.5060E+39 2.2431E+33
0.0000E+00 2.6823E+39 2.3994E+33
0.0000E+00 2.8709E+39 2.5665E+33
0.0000E+00 3.0723E+39 2.7452E+33
0.0000E+00 3.2873E+39 2.9364E+33
0.0000E+00 3.5168E+39 3.1412E+33
0.0000E+00 3.7620E+39 3.3606E+33
0.0000E+00 4.0240E+39 3.5959E+33
0.0000E+00 4.3040E+39 3.8481E+33
0.0000E+00 4.6035E+39 4.1185E+33
0.0000E+00 4.9243E+39 4.4082E+33
0.0000E+00 5.2684E+39 4.7181E+33
0.0000E+00 5.6381E+39 5.0493E+33
0.0000E+00 6.0353E+39 5.4027E+33
0.0000E+00 6.4612E+39 5.7799E+33
0.0000E+00 6.9164E+39 6.1826E+33
0.0000E+00 7.4021E+39 6.6130E+33
0.0000E+00 7.9203E+39 7.0733E+33
0.0000E+00 8.4734E+39 7.5662E+33
0.0000E+00 9.0640E+39 8.0945E+33
0.0000E+00 9.6947E+39 8.6609E+33
0.0000E+00 1.0369E+40 9.2681E+33
0.0000E+00 1.1090E+40 9.9187E+33
0.0000E+00 1.1862E+40 1.0615E+34
0.0000E+00 1.2690E+40 1.1360E+34
0.0000E+00 1.3576E+40 1.2157E+34
0.0000E+00 1.4526E+40 1.3010E+34
0.0000E+00 1.5543E+40 1.3920E+34
0.0000E+00 1.6635E+40 1.4892E+34
0.0000E+00 1.7805E+40 1.5930E+34
0.0000E+00 1.9058E+40 1.7039E+34
0.0000E+00 2.0395E+40 1.8225E+34
0.0000E+00 2.1823E+40 1.9494E+34
0.0000E+00 2.3347E+40 2.0853E+34
0.0000E+00 2.4975E+40 2.2309E+34
0.0000E+00 2.6714E+40 2.3871E+34
0.0000E+00 2.8573E+40 2.5544E+34
0.0000E+00 3.0561E+40 2.7339E+34
0.0000E+00 3.2689E+40 2.9261E+34
0.0000E+00 3.4972E+40 3.1318E+34
0.0000E+00 3.7422E+40 3.3518E+34
0.0000E+00 4.0055E+40 3.5865E+34
0.0000E+00 4.2880E+40 3.8371E+34
0.0000E+00 4.5903E+40 4.1045E+34
0.0000E+00 4.9130E+40 4.3903E+34
0.0000E+00 5.2573E+40 4.6959E+34
0.0000E+00 5.6247E+40 5.0229E+34
0.0000E+00 6.0170E+40 5.3734E+34
0.0000E+00 6.4359E+40 5.7491E+34
0.0000E+00 6.8835E+40 6.1519E+34
0.0000E+00 7.3621E+40 6.5835E+34
0.0000E+00 7.8745E+40 7.0458E+34
0.0000E+00 8.4234E+40 7.5405E+34
0.0000E+00 9.0117E+40 8.0699E+34
0.0000E+00 9.6420E+40 8.6359E+34
0.0000E+00 1.0318E+41 9.2406E+34
0.0000E+00 1.1042E+41 9.8861E+34
0.0000E+00 1.1819E+41 1.0575E+35
0.0000E+00 1.2651E+41 1.1312E+35
0.0000E+00 1.3539E+41 1.2099E+35
0.0000E+00 1.4487E+41 1.2942E+35
0.0000E+00 1.5499E+41 1.3844E+35
0.0000E+00 1.6580E+41 1.4810E+35
0.0000E+00 1.7734E+41 1.5846E+35
0.0000E+00 1.8969E+41 1.6957E+35
0.0000E+00 2.0288E+41 1.8147E+35
0.0000E+00 2.1701E+41 1.9423E+35
0.0000E+00 2.3215E+41 2.0789E+35
0.0000E+00 2.4840E+41 2.2249E+35
0.0000E+00 2.6585E+41 2.3808E+35
0.0000E+00 2.8459E+41 2.5472E+35
0.0000E+00 3.0466E+41 2.7248E+35
0.0000E+00 3.2609E+41 2.9146E+35
0.0000E+00 3.4896E+41 3.1174E+35
0.0000E+00 3.7337E+41 3.3345E+35
0.0000E+00 3.9942E+41 3.5670E+35
0.0000E+00 4.2725E+41 3.8162E+35
0.0000E+00 4.5697E+41 4.0834E+35
0.0000E+00 4.8874E+41 4.3698E+35
0.0000E+00 5.2275E+41 4.6766E+35
0.0000E+00 5.5917E+41 5.0051E+35
0.0000E+00 5.9820E+41 5.3565E+35
0.0000E+00 6.4003E+41 5.7324E+35
0.0000E+00 6.8486E+41 6.1340E+35
0.0000E+00 7.3296E+41 6.5627E+35
0.0000E+00 7.8454E+41 7.0205E+35
0.0000E+00 8.3976E+41 7.5094E+35
0.0000E+00 8.9875E+41 8.0321E+35
0.0000E+00 9.6171E+41 8.5912E+35
0.0000E+00 1.0289E+42 9.1899E+35
0.0000E+00 1.1007E+42 9.8312E+35
0.0000E+00 1.1773E+42 1.0519E+36
0.0000E+00 1.2593E+42 1.1256E+36
0.0000E+00 1.3469E+42 1.2046E+36
0.0000E+00 1.4406E+42 1.2892E+36
0.0000E+00 1.5411E+42 1.3799E+36
0.0000E+00 1.6489E+42 1.4768E+36
0.0000E+00 1.7646E+42 1.5804E+36
0.0000E+00 1.8889E+42 1.6909E+36
0.0000E+00 2.0221E+42 1.8089E+36
0.0000E+00 2.1644E+42 1.9348E+36
0.0000E+00 2.3163E+42 2.0695E+36
0.0000E+00 2.4785E+42 2.2136E+36
0.0000E+00 2.6515E+42 2.3678E+36
0.0000E+00 2.8363E+42 2.5332E+36
0.0000E+00 3.0336E+42 2.7105E+36
0.0000E+00 3.2446E+42 2.9005E+36
0.0000E+00 3.4703E+42 3.1041E+36
0.0000E+00 3.7120E+42 3.3221E+36
0.0000E+00 3.9710E+42 3.5555E+36
0.0000E+00 4.2486E+42 3.8050E+36
0.0000E+00 4.5461E+42 4.0717E+36
0.0000E+00 4.8653E+42 4.3565E+36
0.0000E+00 5.2077E+42 4.6604E+36
0.0000E+00 5.5743E+42 4.9851E+36
0.0000E+00 5.9660E+42 5.3321E+36
0.0000E+00 6.3841E+42 5.7032E+36
0.0000E+00 6.8304E+42 6.1005E+36
0.0000E+00 7.3069E+42 6.5261E+36
0.0000E+00 7.8158E+42 6.9823E+36
0.0000E+00 8.3597E+42 7.4714E+36
0.0000E+00 8.9413E+42 7.9957E+36
0.0000E+00 9.5636E+42 8.5575E+36
0.0000E+00 1.0230E+43 9.1592E+36
0.0000E+00 1.0945E+43 9.8028E+36
0.0000E+00 1.1713E+43 1.0490E+37
0.0000E+00 1.2537E+43 1.1224E+37
0.0000E+00 1.3421E+43 1.2008E+37
0.0000E+00 1.4366E+43 1.2844E+37
0.0000E+00 1.5375E+43 1.3738E+37
0.0000E+00 1.6452E+43 1.4694E+37
0.0000E+00 1.7601E+43 1.5718E+37
0.0000E+00 1.8829E+43 1.6815E+37
0.0000E+00 2.0139E+43 1.7991E+37
0.0000E+00 2.1540E+43 1.9252E+37
0.0000E+00 2.3038E+43 2.0604E+37
0.0000E+00 2.4642E+43 2.2051E+37
0.0000E+00 2.6360E+43 2.3600E+37
0.0000E+00 2.8202E+43 2.5257E+37
0.0000E+00 3.0177E+43 2.7028E+37
0.0000E+00 3.2295E+43 2.8919E+37
0.0000E+00 3.4568E+43 3.0937E+37
0.0000E+00 3.7002E+43 3.3093E+37
0.0000E+00 3.9603E+43 3.5396E+37
0.0000E+00 4.2380E+43 3.7860E+37
0.0000E+00 4.5343E+43 4.0497E+37
0.0000E+00 4.8507E+43 4.3321E+37
0.0000E+00 5.1886E+43 4.6348E+37
0.0000E+00 5.5497E+43 4.9594E+37
0.0000E+00 5.9358E+43 5.3074E+37
0.0000E+00 6.3488E+43 5.6802E+37
0.0000E+00 6.7913E+43 6.0795E+37
0.0000E+00 7.2657E+43 6.5067E+37
0.0000E+00 7.7749E+43 6.9633E+37
0.0000E+00 8.3215E+43 7.4507E+37
0.0000E+00 8.9080E+43 7.9709E+37
0.0000E+00 9.5356E+43 8.5264E+37
0.0000E+00 1.0206E+44 9.1198E+37
0.0000E+00 1.0921E+44 9.7546E+37
0.0000E+00 1.1684E+44 1.0434E+38
0.0000E+00 1.2499E+44 1.1162E+38
0.0000E+00 1.3369E+44 1.1942E+38
0.0000E+00 1.4299E+44 1.2779E+38
0.0000E+00 1.5294E+44 1.3676E+38
0.0000E+00 1.6358E+44 1.4636E+38
0.0000E+00 1.7499E+44 1.5664E+38
0.0000E+00 1.8721E+44 1.6764E+38
0.0000E+00 2.0031E+44 1.7940E+38
0.0000E+00 2.1437E+44 1.9196E+38
0.0000E+00 2.2945E+44 2.0537E+38
0.0000E+00 2.4561E+44 2.1968E+38
0.0000E+00 2.6289E+44 2.3497E+38
0.0000E+00 2.8133E+44 2.5133E+38
0.0000E+00 3.0100E+44 2.6883E+38
0.0000E+00 3.2201E+44 2.8757E+38
0.0000E+00 3.4445E+44 3.0766E+38
0.0000E+00 3.6842E+44 3.2920E+38
0.0000E+00 3.9405E+44 3.5229E+38
0.0000E+00 4.2147E+44 3.7703E+38
0.0000E+00 4.5083E+44 4.0353E+38
0.0000E+00 4.8231E+44 4.3189E+38
0.0000E+00 5.1609E+44 4.6221E+38
0.0000E+00 5.5235E+44 4.9458E+38
0.0000E+00 5.9126E+44 5.2913E+38
0.0000E+00 6.3293E+44 5.6601E+38
0.0000E+00 6.7744E+44 6.0541E+38
0.0000E+00 7.2494E+44 6.4754E+38
0.0000E+00 7.7563E+44 6.9263E+38
0.0000E+00 8.2974E+44 7.4094E+38
0.0000E+00 8.8754E+44 7.9272E+38
0.0000E+00 9.4928E+44 8.4823E+38
0.0000E+00 1.0153E+45 9.0773E+38
0.0000E+00 1.0859E+45 9.7147E+38
0.0000E+00 1.1616E+45 1.0397E+39
0.0000E+00 1.2427E+45 1.1128E+39
0.0000E+00 1.3297E+45 1.1908E+39
0.0000E+00 1.4230E+45 1.2742E+39
0.0000E+00 1.5230E+45 1.3633E+39
0.0000E+00 1.6303E+45 1.4583E+39
0.0000E+00 1.7450E+45 1.5598E+39
0.0000E+00 1.8675E+45 1.6684E+39
0.0000E+00 1.9982E+45 1.7846E+39
0.0000E+00 2.1377E+45 1.9090E+39
0.0000E+00 2.2867E+45 2.0423E+39
0.0000E+00 2.4458E+45 2.1852E+39
0.0000E+00 2.6160E+45 2.3384E+39
0.0000E+00 2.7980E+45 2.5026E+39
0.0000E+00 2.9928E+45 2.6785E+39
0.0000E+00 3.2017E+45 2.8668E+39
0.0000E+00 3.4258E+45 3.0680E+39
0.0000E+00 3.6663E+45 3.2830E+39
0.0000E+00 3.9245E+45 3.5124E+39
0.0000E+00 4.2011E+45 3.7573E+39
0.0000E+00 4.4967E+45 4.0189E+39
0.0000E+00 4.8121E+45 4.2986E+39
0.0000E+00 5.1488E+45 4.5979E+39
0.0000E+00 5.5082E+45 4.9185E+39
0.0000E+00 5.8919E+45 5.2620E+39
0.0000E+00 6.3019E+45 5.6304E+39
0.0000E+00 6.7402E+45 6.0252E+39
0.0000E+00 7.2091E+45 6.4483E+39
0.0000E+00 7.7113E+45 6.9013E+39
0.0000E+00 8.2495E+45 7.3861E+39
0.0000E+00 8.8265E+45 7.9046E+39
0.0000E+00 9.4454E+45 8.4584E+39
0.0000E+00 1.0110E+46 9.0496E+39
0.0000E+00 1.0822E+46 9.6807E+39
0.0000E+00 1.1583E+46 1.0355E+40
0.0000E+00 1.2396E+46 1.1075E+40
0.0000E+00 1.3264E+46 1.1846E+40
0.0000E+00 1.4191E+46 1.2672E+40
0.0000E+00 1.5180E+46 1.3557E+40
0.0000E+00 1.6237E+46 1.4505E+40
0.0000E+00 1.7366E+46 1.5522E+40
0.0000E+00 1.8574E+46 1.6612E+40
0.0000E+00 1.9868E+46 1.7779E+40
0.0000E+00 2.1254E+46 1.9029E+40
0.0000E+00 2.2741E+46 2.0365E+40
0.0000E+00 2.4336E+46 2.1792E+40
0.0000E+00 2.6049E+46 2.3316E+40
0.0000E+00 2.7885E+46 2.4942E+40
0.0000E+00 2.9847E+46 2.6679E+40
0.0000E+00 3.1943E+46 2.8536E+40
0.0000E+00 3.4178E+46 3.0523E+40
0.0000E+00 3.6565E+46 3.2650E+40
0.0000E+00 3.9113E+46 3.4929E+40
0.0000E+00 4.1836E+46 3.7374E+40
0.0000E+00 4.4745E+46 3.9994E+40
0.0000E+00 4.7858E+46 4.2801E+40
0.0000E+00 5.1191E+46 4.5808E+40
0.0000E+00 5.4762E+46 4.9027E+40
0.0000E+00 5.8591E+46 5.2469E+40
0.0000E+00 6.2698E+46 5.6147E+40
0.0000E+00 6.7104E+46 6.0073E+40
0.0000E+00 7.1830E+46 6.4264E+40
0.0000E+00 7.6887E+46 6.8739E+40
0.0000E+00 8.2288E+46 7.3524E+40
0.0000E+00 8.8052E+46 7.8642E+40
0.0000E+00 9.4204E+46 8.4121E+40
0.0000E+00 1.0077E+47 8.9991E+40
0.0000E+00 1.0779E+47 9.6285E+40
0.0000E+00 1.1529E+47 1.0303E+41
0.0000E+00 1.2331E+47 1.1026E+41
0.0000E+00 1.3189E+47 1.1801E+41
0.0000E+00 1.4109E+47 1.2631E+41
0.0000E+00 1.5095E+47 1.3518E+41
0.0000E+00 1.6154E+47 1.4466E+41
0.0000E+00 1.7290E+47 1.5478E+41
0.0000E+00 1.8508E+47 1.6558E+41
0.0000E+00 1.9812E+47 1.7711E+41
